0 1 0.005 0 0 0 0 0 0
1 9.543E-004 4.6239e-4 3.755864356095131E+00  3.257538609764707E+00 -9.757625353075204E-02 -5.039824854444317E-03  6.065033714256147E-03  8.759822307395920E-05
2 2.5689e-009 4.95221e-006 -8.46393 4.2007 0 0.00248784 0.00501272 0
3 6.37687e-009 6.70533e-006 1.66861 4.00487 0 0.00762341 -0.00317625 0
4 3.65108e-009 5.5679e-006 5.63286 -4.16107 0 -0.00386233 -0.00522846 0
5 9.30839e-009 7.60634e-006 -1.80531 -4.36477 0 -0.00731413 0.0030252 0
6 9.00241e-009 7.52206e-006 2.23209 -3.96527 0 -0.0070273 -0.00395574 0
7 5.99042e-009 6.56704e-006 -2.12358 -5.12869 0 -0.00674585 0.00279318 0
8 6.91714e-009 6.88958e-006 -4.81288 6.90567 0 0.00486433 0.00339017 0
9 4.38581e-009 5.91881e-006 8.64604 1.46955 0 0.00097334 -0.00572659 0
10 4.68603e-009 6.05088e-006 -8.59442 4.05593 0 0.00238151 0.00504637 0
11 5.26887e-009 6.29202e-006 -9.08195 3.33144 0 0.00190469 0.00519245 0
12 8.72665e-009 7.44446e-006 -3.87269 -5.78306 0 -0.00541784 0.00362812 0
13 2.30879e-009 4.77909e-006 5.36492 2.95293 0 0.00335191 -0.00608979 0
14 2.93585e-009 5.1776e-006 -7.86941 -2.5405 0 -0.00183779 0.0056927 0
15 8.27729e-009 7.31442e-006 3.18857 2.63538 0 0.00538821 -0.00651926 0
16 1.88772e-009 4.46886e-006 -4.5845 -6.71985 0 -0.00498225 0.00339905 0
17 2.9938e-009 5.21145e-006 -0.162291 8.27625 0 0.00597777 0.00011722 0
18 3.09626e-009 5.27023e-006 4.06892 -4.66817 0 -0.00521101 -0.00454207 0
19 1.20847e-009 3.8515e-006 -3.81906 -4.05408 0 -0.0053056 0.00499803 0
20 9.33393e-009 7.61329e-006 -6.65514 5.38868 0 0.0036992 0.0045686 0
21 6.33787e-009 6.69163e-006 3.75904 8.44171 0 0.00516947 -0.00230193 0
22 6.59304e-009 6.78025e-006 -3.2516 7.03723 0 0.00560856 0.00259148 0
23 5.53749e-009 6.39718e-006 -8.49079 -1.96582 0 -0.0013143 0.00567675 0
24 7.95428e-009 7.21801e-006 5.07845 7.08931 0 0.0047355 -0.00339229 0
25 5.50783e-009 6.38573e-006 5.81205 -4.92116 0 -0.00402801 -0.00475721 0
26 2.34092e-009 4.80116e-006 -1.56338 7.7487 0 0.0059975 0.00121006 0
27 4.96673e-009 6.16937e-006 -2.31431 -8.63077 0 -0.00555828 0.00149043 0
28 4.73107e-009 6.07021e-006 -1.76137 -9.12652 0 -0.0055401 0.00106921 0
29 4.95355e-009 6.16391e-006 -3.20195 -0.416458 0 -0.00123471 0.00949315 0
30 5.9429e-009 6.54963e-006 3.29615 0.0474068 0 0.000136253 -0.00947351 0
31 4.75524e-009 6.08053e-006 8.82109 2.1325 0 0.00134179 -0.00555034 0
32 4.43855e-009 5.94243e-006 -4.4716 -8.18247 0 -0.00494335 0.00270147 0
33 2.03632e-009 4.58317e-006 -2.71962 -7.60864 0 -0.00569855 0.00203689 0
34 6.79849e-009 6.84996e-006 1.09138 4.89179 0 0.00749938 -0.00167315 0
35 4.03452e-009 5.75636e-006 -1.58475 7.68716 0 0.0060137 0.00123975 0
36 9.27735e-009 7.59787e-006 -8.38066 5.00263 0 0.00282222 0.00472792 0
37 4.95822e-009 6.16584e-006 -2.13895 -3.17297 0 -0.0072917 0.00491544 0
38 3.36543e-009 5.41873e-006 4.75277 -8.03104 0 -0.00484608 -0.00286791 0
39 2.26402e-009 4.748e-006 -6.4511 2.98716 0 0.00271091 0.0058545 0
40 5.00574e-009 6.18548e-006 -0.251783 5.53067 0 0.00730329 0.000332482 0
41 8.86865e-009 7.48462e-006 -9.20773 -3.65271 0 -0.00201541 0.00508043 0
42 5.35374e-009 6.32562e-006 -8.09425 -5.51364 0 -0.00309455 0.00454293 0
43 8.66155e-009 7.4259e-006 -6.68778 -2.2586 0 -0.00207165 0.00613424 0
44 5.68169e-009 6.45223e-006 9.60298 -2.62788 0 -0.00143898 -0.00525844 0
45 5.01315e-009 6.18853e-006 9.1552 -3.43721 0 -0.00193346 -0.00514987 0
46 2.18134e-009 4.68949e-006 -4.39532 -5.04753 0 -0.0050145 0.00436656 0
47 3.89746e-009 5.69042e-006 -4.00735 -8.2898 0 -0.00510396 0.00246729 0
48 3.89663e-009 5.69002e-006 3.43721 6.69749 0 0.00557794 -0.00286265 0
49 5.17521e-009 6.25451e-006 3.15501 -5.94413 0 -0.00585722 -0.00310887 0
50 4.06446e-009 5.77056e-006 -2.99497 -1.45506 0 -0.00411955 0.00847934 0
51 2.751e-009 5.06657e-006 -5.41378 -6.79 0 -0.00456421 0.00363912 0
52 6.42604e-009 6.72251e-006 8.58967 2.30638 0 0.00149579 -0.00557081 0
53 9.91046e-009 7.76692e-006 3.04425 6.24089 0 0.00586724 -0.00286198 0
54 6.91385e-009 6.88849e-006 8.08319 -5.07765 0 -0.00296164 -0.00471468 0
55 4.83874e-009 6.11591e-006 -4.89803 -6.5769 0 -0.00481783 0.00358799 0
56 3.10477e-009 5.27506e-006 -6.82956 -5.43729 0 -0.00362633 0.00455489 0
57 4.22376e-009 5.84499e-006 -2.34298 8.08929 0 0.0056936 0.0016491 0
58 6.85864e-009 6.8701e-006 -4.47018 6.56309 0 0.00504535 0.00343644 0
59 7.47417e-009 7.06976e-006 -1.64278 -3.81147 0 -0.00775417 0.00334211 0
60 5.07523e-009 6.21397e-006 3.84086 -0.949603 0 -0.00207565 -0.00839541 0
61 6.81359e-009 6.85503e-006 -5.04248 6.45532 0 0.00473662 0.00369994 0
62 9.21335e-009 7.58036e-006 -9.846 -1.16175 0 -0.000640178 0.0054256 0
63 6.33732e-009 6.69143e-006 2.54038 -9.51396 0 -0.00529625 -0.00141418 0
64 3.56594e-009 5.52427e-006 -7.01812 4.05715 0 0.00302382 0.00523066 0
65 4.58303e-009 6.00622e-006 -4.2171 -7.56781 0 -0.00510521 0.00284484 0
66 6.87622e-009 6.87597e-006 2.75093 -0.954088 0 -0.00330335 -0.00952456 0
67 7.87436e-009 7.19376e-006 3.3469 -9.28763 0 -0.00515063 -0.00185609 0
68 4.57973e-009 6.00478e-006 -0.592696 -8.31167 0 -0.00594409 0.000423867 0
69 9.69347e-009 7.70981e-006 -1.0033 -3.77634 0 -0.00841065 0.00223455 0
70 2.98062e-009 5.20379e-006 4.75362 -8.54795 0 -0.00480707 -0.00267327 0
71 4.95328e-009 6.16379e-006 -6.45989 2.45005 0 0.00232083 0.00611918 0
72 8.90271e-009 7.49419e-006 -2.9275 8.91732 0 0.00533488 0.00175141 0
73 5.90033e-009 6.53395e-006 -7.44495 -4.55322 0 -0.00303815 0.00496766 0
74 4.22047e-009 5.84347e-006 9.27486 -2.70132 0 -0.00154766 -0.00531382 0
75 5.82507e-009 6.50605e-006 -5.41697 1.35858 0 0.00177077 0.00706047 0
76 2.40574e-009 4.84507e-006 -1.45213 4.03087 0 0.00781872 0.00281672 0
77 5.04089e-009 6.19993e-006 -2.827 8.58895 0 0.00543385 0.00178852 0
78 4.01144e-009 5.74536e-006 -4.05115 -9.09066 0 -0.00498058 0.00221954 0
79 6.42219e-009 6.72117e-006 4.31847 2.58961 0 0.00394244 -0.00657446 0
80 1.6158e-009 4.24307e-006 -7.01579 4.80862 0 0.00333464 0.00486525 0
81 6.44417e-009 6.72883e-006 -5.86291 -7.10399 0 -0.00437152 0.0036078 0
82 2.71749e-009 5.04592e-006 3.94043 2.96492 0 0.00465749 -0.00618988 0
83 2.34367e-009 4.80304e-006 3.17853 9.08161 0 0.00523433 -0.00183199 0
84 2.0712e-009 4.60919e-006 -1.78522 6.98316 0 0.00620776 0.00158699 0
85 2.94958e-009 5.18566e-006 -2.4436 8.13234 0 0.00565351 0.00169876 0
86 5.73003e-009 6.47048e-006 -4.50525 5.27914 0 0.0049669 0.00423878 0
87 3.06577e-009 5.25287e-006 -8.62663 1.65846 0 0.00109573 0.00569954 0
88 7.99521e-009 7.23037e-006 -7.48594 5.60688 0 0.00337198 0.00450204 0
89 3.81341e-009 5.64922e-006 7.17936 6.36083 0 0.00368334 -0.00415733 0
90 3.36103e-009 5.41637e-006 -4.75113 -7.99848 0 -0.00484889 0.00288026 0
91 4.3339e-009 5.89536e-006 -6.99459 -2.36819 0 -0.00203005 0.00599586 0
92 1.57076e-009 4.20327e-006 -3.42583 7.78361 0 0.00539902 0.00237629 0
93 5.63939e-009 6.43618e-006 6.6239 4.23037 0 0.00330268 -0.00517131 0
94 3.6324e-009 5.55839e-006 -2.50816 -7.1072 0 -0.00590882 0.00208525 0
95 5.00903e-009 6.18684e-006 1.40811 -8.50401 0 -0.00578042 -0.000957133 0
96 1.46721e-009 4.1088e-006 -2.65813 2.35098 0 0.00604978 0.00684017 0
97 4.63604e-009 6.02929e-006 2.93392 9.14048 0 0.00528636 -0.00169682 0
98 1.33399e-009 3.98048e-006 5.83263 4.44853 0 0.00385174 -0.00505015 0
99 2.35026e-009 4.80754e-006 -9.60984 1.44531 0 0.000820696 0.0054568 0
100 5.71987e-009 6.46665e-006 4.43613 7.44378 0 0.00501987 -0.0029916 0
101 1.48836e-009 4.12844e-006 9.38051 1.09862 0 0.000651106 -0.00555944 0
102 5.64434e-009 6.43806e-006 7.29341 6.37009 0 0.00363641 -0.00416349 0
103 7.42582e-009 7.05449e-006 3.95448 -8.17045 0 -0.00513931 -0.00248742 0
104 7.11682e-009 6.95525e-006 2.55573 6.44157 0 0.00607391 -0.00240986 0
105 9.37156e-009 7.6235e-006 -1.05623 1.8768 0 0.0102153 0.00574901 0
106 3.95843e-009 5.71994e-006 -2.80333 2.01286 0 0.00540074 0.00752168 0
107 3.41679e-009 5.44616e-006 -4.82186 1.26649 0 0.00195718 0.00745151 0
108 7.66753e-009 7.13021e-006 6.8291 -3.26375 0 -0.00269617 -0.00564148 0
109 8.46187e-009 7.36839e-006 8.25692 -4.4095 0 -0.0026486 -0.00495959 0
110 3.5154e-009 5.49805e-006 7.26939 -4.76523 0 -0.00319877 -0.00487975 0
111 5.07166e-009 6.21251e-006 5.81133 -3.76183 0 -0.00355282 -0.00548845 0
112 6.48811e-009 6.74409e-006 5.58748 4.12589 0 0.00387725 -0.00525077 0
113 4.19684e-009 5.83255e-006 8.5316 -2.3699 0 -0.00154723 -0.00557001 0
114 8.70934e-009 7.43953e-006 1.15713 -8.90668 0 -0.00569209 -0.000739502 0
115 6.31288e-009 6.68282e-006 -1.27583 9.61108 0 0.00547653 0.000726987 0
116 8.98511e-009 7.51724e-006 -7.06192 6.41442 0 0.00374457 0.00412257 0
117 1.78417e-009 4.38561e-006 -0.525402 -3.88932 0 -0.00860506 0.00116244 0
118 6.24366e-009 6.65831e-006 1.18869 8.12321 0 0.00594041 -0.000869275 0
119 9.04883e-009 7.53497e-006 7.22983 6.87841 0 0.00375345 -0.00394522 0
120 5.45866e-009 6.36668e-006 0.609866 6.54215 0 0.00668195 -0.000622898 0
121 6.78063e-009 6.84396e-006 -5.50781 -2.01199 0 -0.00243747 0.00667256 0
122 8.49318e-009 7.37747e-006 -3.28295 -8.03309 0 -0.00540545 0.00220909 0
123 2.91031e-009 5.16254e-006 -8.30595 -0.904215 0 -0.000644068 0.00591629 0
124 1.97424e-009 4.53612e-006 5.76264 -7.5714 0 -0.0044376 -0.00337749 0
125 4.71624e-009 6.06386e-006 3.61455 7.38129 0 0.00538893 -0.00263891 0
126 5.24277e-009 6.28161e-006 -1.63089 3.52076 0 0.00792401 0.00367057 0
127 8.40034e-009 7.35049e-006 -2.78263 -6.91082 0 -0.00584624 0.00235398 0
128 8.6165e-009 7.41301e-006 8.1637 1.53459 0 0.00110264 -0.0058658 0
129 7.98093e-009 7.22606e-006 -8.81598 1.76333 0 0.00112521 0.0056256 0
130 3.0144e-009 5.22337e-006 4.11456 -5.04142 0 -0.00522431 -0.00426383 0
131 7.31239e-009 7.01838e-006 0.551318 6.46354 0 0.00672953 -0.000574006 0
132 6.23624e-009 6.65567e-006 8.24918 2.18784 0 0.00150952 -0.0056916 0
133 5.97284e-009 6.56061e-006 8.22575 5.09927 0 0.00291343 -0.00469972 0
134 4.21387e-009 5.84043e-006 5.7749 -7.79951 0 -0.00443786 -0.00328587 0
135 3.61812e-009 5.55109e-006 -7.83474 -1.57019 0 -0.00119583 0.00596681 0
136 2.28462e-009 4.76235e-006 -0.314752 -5.78933 0 -0.00713356 0.000387835 0
137 5.47844e-009 6.37436e-006 -3.64784 8.57638 0 0.00518521 0.00220546 0
138 3.08197e-009 5.26211e-006 6.4137 0.131612 0 0.000139341 -0.00679032 0
139 3.21601e-009 5.33732e-006 -8.61183 0.11973 0 8.14854e-005 0.00586099 0
140 5.41636e-009 6.35019e-006 8.01222 -4.29859 0 -0.00269701 -0.005027 0
141 7.43242e-009 7.05658e-006 7.9945 1.94565 0 0.00141813 -0.00582697 0
142 4.21635e-009 5.84157e-006 3.22691 3.64533 0 0.00583765 -0.0051676 0
143 7.63732e-009 7.12084e-006 -6.22258 4.34612 0 0.00357531 0.00511897 0
144 9.91842e-009 7.769e-006 -3.97373 -2.05453 0 -0.00373537 0.00722467 0
145 3.26572e-009 5.36468e-006 -4.61896 6.74254 0 0.00496408 0.00340063 0
146 6.3928e-009 6.71091e-006 -6.99305 2.24574 0 0.00194076 0.00604335 0
147 8.38331e-009 7.34552e-006 7.07547 -4.76919 0 -0.0032915 -0.0048832 0
148 2.07944e-009 4.61529e-006 -2.25459 -5.18168 0 -0.00663548 0.00288715 0
149 8.33387e-009 7.33105e-006 -0.438745 7.02568 0 0.00647097 0.000404104 0
150 5.54656e-009 6.40067e-006 4.58416 7.609 0 0.00494372 -0.00297843 0
151 8.24158e-009 7.30389e-006 -0.572689 -9.8375 0 -0.00547063 0.000318472 0
152 2.04511e-009 4.58975e-006 -5.23504 6.93735 0 0.00465774 0.0035148 0
153 5.59297e-009 6.41847e-006 5.17468 7.97464 0 0.00468022 -0.00303696 0
154 2.3217e-009 4.78798e-006 -3.97175 -1.23277 0 -0.00250054 0.00805623 0
155 5.67757e-009 6.45067e-006 -1.76571 8.13793 0 0.0058256 0.001264 0
156 7.48433e-009 7.07297e-006 8.63343 -1.15574 0 -0.00077336 -0.00577703 0
157 4.98981e-009 6.17891e-006 1.07661 -7.48753 0 -0.0061908 -0.000890158 0
158 2.15607e-009 4.67131e-006 3.28343 5.17447 0 0.00586729 -0.00372305 0
159 4.65032e-009 6.03548e-006 -6.58554 -5.58585 0 -0.00378654 0.00446421 0
160 7.02893e-009 6.9265e-006 8.46708 -5.20403 0 -0.0028572 -0.00464874 0
161 3.01138e-009 5.22163e-006 5.29729 -7.31452 0 -0.00463602 -0.00335748 0
162 3.202e-009 5.32956e-006 4.46534 7.68251 0 0.00498917 -0.00289988 0
163 6.85726e-009 6.86965e-006 -0.842879 -4.94039 0 -0.00757452 0.00129229 0
164 3.80874e-009 5.64691e-006 -4.62679 0.279364 0 0.000481556 0.00797547 0
165 3.64861e-009 5.56664e-006 -7.01496 -3.46816 0 -0.00272531 0.00551241 0
166 6.81387e-009 6.85512e-006 4.82038 -7.5709 0 -0.00484352 -0.00308386 0
167 6.01431e-009 6.57576e-006 -0.368979 8.6919 0 0.0058269 0.000247357 0
168 3.41157e-009 5.44338e-006 0.248801 9.28226 0 0.00564314 -0.000151258 0
169 4.59758e-009 6.01258e-006 5.75196 2.39167 0 0.00264616 -0.006364 0
170 1.90503e-009 4.48247e-006 -6.56785 -3.54723 0 -0.00299203 0.00553986 0
171 5.18702e-009 6.25926e-006 -7.3254 4.65568 0 0.00313191 0.00492785 0
172 2.11707e-009 4.64297e-006 -0.857484 -7.92257 0 -0.00605836 0.000655715 0
173 4.86868e-009 6.1285e-006 4.76925 0.0887187 0 0.00014649 -0.00787488 0
174 4.5616e-009 5.99685e-006 -5.9036 6.37134 0 0.00428137 0.00396706 0
175 3.2627e-009 5.36303e-006 9.49424 2.24519 0 0.00126742 -0.00535954 0
176 5.017e-009 6.19011e-006 5.84929 7.64866 0 0.00440352 -0.00336758 0
177 1.54576e-009 4.18085e-006 -3.62597 -3.95717 0 -0.0054745 0.00501631 0
178 6.74081e-009 6.83053e-006 -1.04527 -4.60402 0 -0.00772044 0.0017528 0
179 5.35292e-009 6.3253e-006 5.98601 2.63841 0 0.00271263 -0.00615439 0
180 7.20499e-009 6.98385e-006 1.37928 -9.15592 0 -0.00559012 -0.000842119 0
181 4.64428e-009 6.03286e-006 7.86201 4.1003 0 0.00267136 -0.00512212 0
182 2.98199e-009 5.20459e-006 0.807319 3.7191 0 0.00861717 -0.00187056 0
183 6.72405e-009 6.82487e-006 -0.762385 3.03549 0 0.00943067 0.00236858 0
184 3.44096e-009 5.45897e-006 -3.90033 9.03026 0 0.00503519 0.00217479 0
185 5.64763e-009 6.43931e-006 -6.84626 3.15739 0 0.00262372 0.00568908 0
186 5.44053e-009 6.35962e-006 -2.47788 -4.52184 0 -0.00664348 0.0036405 0
187 1.14447e-009 3.78227e-006 3.91451 4.34259 0 0.0052843 -0.00476339 0
188 1.49632e-009 4.1358e-006 0.79952 -2.8788 0 -0.00958901 -0.00266313 0
189 3.6195e-009 5.55179e-006 -4.0856 -1.61804 0 -0.00302156 0.00762953 0
190 9.15897e-009 7.56542e-006 -5.38291 -3.20341 0 -0.00351493 0.00590639 0
191 1.40184e-009 4.04684e-006 8.81699 3.27748 0 0.00195426 -0.00525731 0
192 6.4351e-009 6.72567e-006 -5.97457 -7.43176 0 -0.00434165 0.00349036 0
193 6.98141e-009 6.91086e-006 -0.878282 -9.29611 0 -0.00560449 0.000529504 0
194 3.81808e-009 5.65152e-006 6.63708 -7.13407 0 -0.00403471 -0.00375363 0
195 2.17502e-009 4.68495e-006 6.03551 -0.0775454 0 -8.99523e-005 -0.00700117 0
196 3.45991e-009 5.46897e-006 3.87163 -8.01494 0 -0.00519182 -0.00250792 0
197 8.84997e-009 7.47936e-006 -4.24846 -6.55413 0 -0.00516496 0.00334798 0
198 4.74233e-009 6.07502e-006 -6.52189 6.9579 0 0.00406412 0.00380945 0
199 7.00037e-009 6.9171e-006 3.70886 6.3001 0 0.00548261 -0.0032276 0
200 4.7904e-009 6.09548e-006 4.50322 -4.34228 0 -0.00477398 -0.00495092 0
201 8.59014e-009 7.40544e-006 1.41885 -8.69292 0 -0.00572051 -0.000933694 0
202 3.5923e-009 5.53786e-006 5.22242 -4.44604 0 -0.00425792 -0.00500146 0
203 1.94485e-009 4.51349e-006 8.07896 -0.2588 0 -0.000193722 -0.00604741 0
204 2.04758e-009 4.5916e-006 2.74021 8.04131 0 0.00558643 -0.00190367 0
205 1.56774e-009 4.20057e-006 0.18469 3.76301 0 0.00885177 -0.000434447 0
206 7.0586e-009 6.93623e-006 -6.45704 1.06758 0 0.00109685 0.00663408 0
207 2.22803e-009 4.72271e-006 0.959516 7.50952 0 0.00620155 -0.000792392 0
208 5.16807e-009 6.25163e-006 -5.64766 -3.92687 0 -0.00374429 0.00538507 0
209 9.27351e-009 7.59682e-006 6.10267 -0.398436 0 -0.000453183 -0.00694122 0
210 5.92285e-009 6.54226e-006 9.00648 -3.35185 0 -0.00193545 -0.0052006 0
211 9.72726e-009 7.71876e-006 5.11812 2.95942 0 0.00354137 -0.00612457 0
212 7.74499e-009 7.15414e-006 -9.40776 0.289629 0 0.000172538 0.00560441 0
213 8.38551e-009 7.34616e-006 4.86872 -5.14555 0 -0.0046947 -0.00444213 0
214 5.16285e-009 6.24953e-006 -9.39016 -3.12918 0 -0.00172863 0.00518734 0
215 2.91662e-009 5.16627e-006 7.27368 -6.03526 0 -0.00357295 -0.00430611 0
216 6.34721e-009 6.69491e-006 -4.904 5.40788 0 0.00471626 0.00427682 0
217 6.64769e-009 6.79894e-006 0.803649 8.72956 0 0.00578544 -0.000532612 0
218 6.96109e-009 6.90414e-006 1.15144 -4.54944 0 -0.00769801 -0.00194833 0
219 6.47877e-009 6.74085e-006 1.56601 -4.93403 0 -0.0072064 -0.00228723 0
220 4.86676e-009 6.1277e-006 7.04649 6.71686 0 0.00380406 -0.00399074 0
221 4.00403e-009 5.74182e-006 -1.54187 9.70997 0 0.00541828 0.000860381 0
222 7.65819e-009 7.12732e-006 -3.2311 8.29892 0 0.00537154 0.00209135 0
223 2.24754e-009 4.73645e-006 6.98241 4.50472 0 0.00323513 -0.00501453 0
224 9.48363e-009 7.65377e-006 -9.44434 1.94558 0 0.00111773 0.00542573 0
225 6.03079e-009 6.58176e-006 4.05789 7.81813 0 0.00514436 -0.00267011 0
226 6.77404e-009 6.84174e-006 -9.20708 1.51682 0 0.000915397 0.00555646 0
227 2.24396e-009 4.73394e-006 6.11033 -6.30829 0 -0.00416939 -0.00403855 0
228 7.76229e-009 7.15947e-006 -6.2609 -1.48121 0 -0.00156136 0.0065997 0
229 4.96481e-009 6.16858e-006 7.54389 6.25458 0 0.00350731 -0.0042303 0
230 6.4969e-009 6.74714e-006 -2.18219 -1.10766 0 -0.00497712 0.00980541 0
231 1.81603e-009 4.41156e-006 4.64561 -5.09637 0 -0.00484114 -0.00441295 0
232 5.59792e-009 6.42036e-006 -2.14289 7.78818 0 0.0058357 0.00160568 0
233 2.19343e-009 4.69813e-006 -3.5329 4.63902 0 0.00566736 0.00431604 0
234 8.75906e-009 7.45366e-006 -3.14409 -7.73138 0 -0.00551573 0.00224306 0
235 3.73074e-009 5.6081e-006 -0.875336 6.35117 0 0.00673016 0.000927569 0
236 7.2797e-009 7.00791e-006 7.6606 1.14389 0 0.000912824 -0.00611318 0
237 8.74642e-009 7.45008e-006 -5.16307 -1.33496 0 -0.0018647 0.00721189 0
238 9.18369e-009 7.57222e-006 3.02751 9.21897 0 0.00524663 -0.00172299 0
239 6.61171e-009 6.78665e-006 3.09624 8.39468 0 0.00539554 -0.00199006 0
240 2.0105e-009 4.56372e-006 -4.73624 4.5521 0 0.00465083 0.00483897 0
241 8.73489e-009 7.4468e-006 -3.27123 -6.64628 0 -0.00567068 0.00279105 0
242 2.87954e-009 5.14429e-006 2.37426 -8.75029 0 -0.00551355 -0.00149602 0
243 7.88507e-009 7.19702e-006 -9.35044 -2.01425 0 -0.00117131 0.00543739 0
244 2.18711e-009 4.69362e-006 -6.74263 -4.25089 0 -0.00324946 0.00515419 0
245 4.16883e-009 5.81954e-006 -5.23272 2.28187 0 0.0028779 0.00659953 0
246 8.13831e-009 7.27325e-006 -6.98881 5.95792 0 0.00368256 0.00431975 0
247 5.30897e-009 6.30794e-006 -2.47457 -6.6288 0 -0.00605856 0.00226169 0
248 5.1373e-009 6.2392e-006 5.08552 -7.98396 0 -0.0047157 -0.00300375 0
249 3.19074e-009 5.3233e-006 6.02703 -1.34618 0 -0.00150894 -0.00675573 0
250 4.83132e-009 6.11279e-006 -0.638202 -7.66435 0 -0.00618149 0.000514725 0
251 9.00241e-009 7.52206e-006 -5.44228 -1.48424 0 -0.00190567 0.00698752 0
252 5.93027e-009 6.54499e-006 4.72748 -6.00564 0 -0.0048892 -0.00384865 0
253 3.55852e-009 5.52044e-006 0.734572 -6.4569 0 -0.00670472 -0.000762765 0
254 9.6119e-009 7.68812e-006 -4.07891 6.7513 0 0.00524245 0.00316731 0
255 2.63674e-009 4.99543e-006 2.7606 -5.36896 0 -0.00622627 -0.00320141 0
256 6.60018e-009 6.7827e-006 0.896791 8.95101 0 0.0057068 -0.000571757 0
257 4.31687e-009 5.88763e-006 7.65147 -0.835194 0 -0.000672811 -0.00616383 0
258 6.65264e-009 6.80062e-006 -5.6507 1.81467 0 0.00215901 0.00672295 0
259 1.67678e-009 4.29579e-006 -7.21914 4.5668 0 0.0031465 0.00497395 0
260 5.82562e-009 6.50626e-006 8.30151 -3.07499 0 -0.00200822 -0.00542155 0
261 5.05435e-009 6.20544e-006 -3.94402 7.37083 0 0.00524581 0.00280695 0
262 3.36323e-009 5.41755e-006 -2.61636 -7.09151 0 -0.00587008 0.00216572 0
263 6.86276e-009 6.87148e-006 6.10541 -1.55802 0 -0.00169447 -0.00664011 0
264 1.1203e-009 3.75546e-006 -2.9519 -0.885906 0 -0.00281661 0.00938513 0
265 9.03015e-009 7.52978e-006 7.18478 -4.37425 0 -0.00308437 -0.00506613 0
266 9.21335e-009 7.58036e-006 -8.13132 3.21307 0 0.00213797 0.00541056 0
267 2.49913e-009 4.90697e-006 -5.26308 -0.402956 0 -0.000571578 0.00746548 0
268 7.96802e-009 7.22216e-006 -3.16251 1.53196 0 0.00400057 0.0082586 0
269 3.57692e-009 5.52994e-006 -6.49887 0.462488 0 0.000478388 0.00672229 0
270 9.66161e-009 7.70136e-006 -5.06691 4.76997 0 0.00446979 0.00474804 0
271 4.17432e-009 5.8221e-006 -9.54174 -1.35284 0 -0.000777866 0.00548637 0
272 3.83291e-009 5.65883e-006 -9.19942 1.4504 0 0.000877872 0.00556806 0
273 4.89532e-009 6.13966e-006 -1.83696 -4.8893 0 -0.00704609 0.0026473 0
274 3.70382e-009 5.59458e-006 -2.69549 8.45054 0 0.00550274 0.00175522 0
275 5.70586e-009 6.46137e-006 -4.17184 3.16985 0 0.00454661 0.00598379 0
276 4.29572e-009 5.878e-006 7.95495 1.63796 0 0.00121732 -0.00591205 0
277 4.57012e-009 6.00058e-006 -3.72815 -5.63708 0 -0.00551914 0.00365015 0
278 3.55742e-009 5.51987e-006 -3.27534 3.94243 0 0.00584444 0.00485551 0
279 3.24512e-009 5.35338e-006 5.52997 -6.94255 0 -0.00451638 -0.00359744 0
280 3.17646e-009 5.31535e-006 0.357333 6.12805 0 0.0069313 -0.000404171 0
281 2.88174e-009 5.1456e-006 3.45897 -9.35052 0 -0.00510962 -0.00189017 0
282 3.92383e-009 5.70323e-006 -8.38462 -2.88729 0 -0.00188082 0.00546184 0
283 2.45601e-009 4.87859e-006 -6.80662 -4.61173 0 -0.00336507 0.00496663 0
284 5.43422e-009 6.35716e-006 3.54078 -1.43655 0 -0.00330842 -0.00815451 0
285 3.48546e-009 5.4824e-006 8.21552 2.98238 0 0.0019855 -0.00546943 0
286 4.61159e-009 6.01868e-006 -1.39165 5.30356 0 0.00710573 0.00186454 0
287 6.52052e-009 6.7553e-006 8.81818 1.67163 0 0.00106943 -0.00564147 0
288 7.69198e-009 7.13778e-006 -3.70946 -8.34111 0 -0.00520221 0.00231352 0
289 9.60366e-009 7.68593e-006 5.05877 -5.70369 0 -0.00466095 -0.00413394 0
290 2.89026e-009 5.15066e-006 1.32534 -9.11809 0 -0.00560815 -0.000815163 0
291 8.23252e-009 7.30121e-006 -7.63317 -5.82296 0 -0.00336725 0.00441404 0
292 4.55913e-009 5.99577e-006 7.861 -4.10937 0 -0.00267577 -0.00511861 0
293 5.46416e-009 6.36881e-006 7.21372 2.12053 0 0.00176926 -0.00601875 0
294 9.03125e-009 7.53009e-006 7.85783 -5.42905 0 -0.00316401 -0.00457948 0
295 6.86908e-009 6.87359e-006 -2.72851 5.63881 0 0.00618678 0.00299366 0
296 3.51814e-009 5.49948e-006 -4.92252 0.378781 0 0.000593971 0.00771907 0
297 3.35472e-009 5.41297e-006 1.35225 8.16664 0 0.00589861 -0.000976702 0
298 8.19132e-009 7.28901e-006 4.65443 -6.34709 0 -0.00494457 -0.00362594 0
299 4.48552e-009 5.96332e-006 7.35012 -6.42707 0 -0.00362383 -0.00414427 0
300 4.56517e-009 5.99841e-006 0.574464 -9.32835 0 -0.00561625 -0.000345863 0
301 4.54292e-009 5.98865e-006 -8.66993 2.65461 0 0.00167251 0.00546242 0
302 3.54396e-009 5.5129e-006 -8.08932 0.458858 0 0.000342251 0.00603363 0
303 9.11365e-009 7.55292e-006 3.72607 -7.32594 0 -0.00534824 -0.00272019 0
304 9.43474e-009 7.6406e-006 -8.68167 4.61816 0 0.00257623 0.00484305 0
305 3.8244e-009 5.65464e-006 -2.89026 8.93668 0 0.0053406 0.00172723 0
306 9.77038e-009 7.73015e-006 -8.68799 -4.74191 0 -0.00261954 0.00479945 0
307 9.39189e-009 7.62901e-006 5.70196 -7.71646 0 -0.00446642 -0.0033004 0
308 4.28639e-009 5.87374e-006 -8.22149 -2.71348 0 -0.00183233 0.00555172 0
309 2.44145e-009 4.86893e-006 4.2033 7.88626 0 0.00507811 -0.00270658 0
310 8.57036e-009 7.39975e-006 8.31131 -4.81005 0 -0.00278056 -0.00480454 0
311 9.63607e-009 7.69456e-006 -3.82658 2.71434 0 0.0045949 0.00647771 0
312 5.60918e-009 6.42466e-006 -6.85532 1.39442 0 0.00129637 0.00637327 0
313 9.55257e-009 7.67227e-006 1.79206 6.2117 0 0.00650033 -0.00187533 0
314 5.82891e-009 6.50749e-006 3.29997 -6.34299 0 -0.00570704 -0.00296911 0
315 3.38603e-009 5.42976e-006 6.9888 3.45106 0 0.00272808 -0.00552469 0
316 9.12601e-009 7.55633e-006 -4.67455 -7.76746 0 -0.00489516 0.00294597 0
317 4.39735e-009 5.92399e-006 -6.14701 -1.48043 0 -0.0016018 0.00665096 0
318 5.66082e-009 6.44432e-006 -0.250128 3.33629 0 0.0093783 0.000703107 0
319 7.25663e-009 7.0005e-006 -2.80185 9.1149 0 0.00532472 0.00163678 0
320 6.7073e-009 6.8192e-006 4.23809 -0.668603 0 -0.00129416 -0.00820331 0
321 6.22306e-009 6.65097e-006 8.15082 1.00217 0 0.000732541 -0.00595791 0
322 4.28831e-009 5.87461e-006 9.19944 0.669745 0 0.00041127 -0.00564909 0
323 4.38939e-009 5.92041e-006 6.76139 -4.0563 0 -0.00315156 -0.0052533 0
324 6.84298e-009 6.86487e-006 1.76667 -2.27738 0 -0.00800592 -0.00621055 0
325 1.76577e-009 4.37048e-006 1.31327 -8.44274 0 -0.00581504 -0.000904531 0
326 1.97671e-009 4.53801e-006 7.00511 3.5077 0 0.00275174 -0.00549541 0
327 3.70986e-009 5.59762e-006 3.65111 -5.0374 0 -0.00558411 -0.00404737 0
328 3.97464e-009 5.72774e-006 -8.3885 0.288844 0 0.00020433 0.00593408 0
329 4.91455e-009 6.14769e-006 0.322759 9.30856 0 0.00563312 -0.000195319 0
330 7.28162e-009 7.00853e-006 -3.87564 -6.96446 0 -0.00532432 0.00296292 0
331 4.89615e-009 6.14001e-006 -5.15434 7.79028 0 0.00469396 0.0031057 0
332 2.78149e-009 5.08522e-006 5.66646 1.47498 0 0.00179079 -0.00687973 0
333 7.3816e-009 7.04046e-006 3.83745 2.03707 0 0.00386954 -0.0072895 0
334 2.88311e-009 5.14641e-006 6.37429 -4.81158 0 -0.00366725 -0.00485831 0
335 2.68563e-009 5.02612e-006 3.13334 -0.000600828 0 -1.86346e-006 -0.00971802 0
336 1.81164e-009 4.408e-006 -6.46709 4.57619 0 0.00353019 0.00498888 0
337 8.86892e-009 7.4847e-006 -7.11334 -1.30117 0 -0.00115102 0.00629252 0
338 2.11322e-009 4.64015e-006 7.49067 2.18634 0 0.0017254 -0.00591141 0
339 7.00806e-009 6.91964e-006 -6.69673 7.36208 0 0.00403369 0.00366915 0
340 6.02777e-009 6.58066e-006 -2.3284 -4.37563 0 -0.00682103 0.00362967 0
341 2.1764e-009 4.68594e-006 -4.73089 5.83417 0 0.0048752 0.00395327 0
342 2.92294e-009 5.17e-006 -2.5995 4.43999 0 0.00654465 0.00383173 0
343 8.76647e-009 7.45577e-006 1.21612 8.86777 0 0.00569646 -0.000781207 0
344 5.57347e-009 6.411e-006 -4.55587 -8.18681 0 -0.00491078 0.00273279 0
345 2.91525e-009 5.16546e-006 -6.61814 5.99282 0 0.00386423 0.00426744 0
346 5.31254e-009 6.30935e-006 5.43362 -7.8363 0 -0.00457779 -0.0031742 0
347 7.67522e-009 7.1326e-006 7.57336 4.59691 0 0.0029988 -0.00494049 0
348 2.99216e-009 5.21049e-006 -0.539282 -9.58025 0 -0.0055445 0.000312106 0
349 4.67724e-009 6.0471e-006 -7.15802 2.15271 0 0.00181207 0.00602535 0
350 9.44325e-009 7.64289e-006 -8.17454 -3.46628 0 -0.00225368 0.00531486 0
351 3.85076e-009 5.66761e-006 1.08644 6.40876 0 0.0066522 -0.00112771 0
352 2.05527e-009 4.59734e-006 -0.869218 4.54599 0 0.00785365 0.00150166 0
353 2.80895e-009 5.1019e-006 4.49549 -4.74016 0 -0.00488334 -0.00463128 0
354 3.43025e-009 5.4533e-006 -9.65612 -1.17879 0 -0.000668337 0.00547472 0
355 2.43541e-009 4.86491e-006 -6.23885 7.18406 0 0.00421059 0.0036566 0
356 4.16663e-009 5.81852e-006 7.74371 -2.60942 0 -0.00192163 -0.00570262 0
357 2.86554e-009 5.13593e-006 -5.39161 2.66816 0 0.00311075 0.00628596 0
358 2.18958e-009 4.69538e-006 -6.43595 -4.28181 0 -0.0034271 0.00515124 0
359 7.17698e-009 6.97479e-006 5.95555 -7.36029 0 -0.00434601 -0.00351656 0
360 6.33128e-009 6.68931e-006 4.55153 3.60303 0 0.00443143 -0.00559801 0
361 2.60927e-009 4.97803e-006 3.16445 -8.58469 0 -0.00533606 -0.00196695 0
362 7.96637e-009 7.22167e-006 4.91973 4.11565 0 0.00435816 -0.00520962 0
363 8.01224e-009 7.2355e-006 8.9667 -4.41706 0 -0.00240437 -0.00488091 0
364 7.00284e-009 6.91792e-006 5.80814 7.72296 0 0.00442262 -0.00332608 0
365 3.241e-009 5.35111e-006 3.82854 -3.87897 0 -0.00524428 -0.00517609 0
366 2.39998e-009 4.8412e-006 4.63234 2.12077 0 0.00317244 -0.00692948 0
367 1.51555e-009 4.15343e-006 6.15368 -2.80158 0 -0.00274112 -0.00602089 0
368 3.781e-009 5.63317e-006 -3.86969 -1.51111 0 -0.00306998 0.00786168 0
369 8.73983e-009 7.44821e-006 5.1983 0.403511 0 0.000583027 -0.00751094 0
370 3.3289e-009 5.39905e-006 2.24748 -8.53513 0 -0.00559938 -0.00147444 0
371 5.98712e-009 6.56584e-006 3.43149 -0.873571 0 -0.00225529 -0.00885904 0
372 4.6017e-009 6.01437e-006 -6.9999 -6.34585 0 -0.00375879 0.0041462 0
373 5.31007e-009 6.30837e-006 -5.26792 -8.1783 0 -0.00463664 0.00298662 0
374 3.52089e-009 5.50091e-006 -6.15803 4.259 0 0.003576 0.00517048 0
375 6.69823e-009 6.81612e-006 4.68266 -0.228251 0 -0.000386796 -0.00793528 0
376 3.54067e-009 5.51119e-006 -0.666409 -8.33143 0 -0.00593122 0.000474423 0
377 4.1496e-009 5.81058e-006 8.54323 -1.20877 0 -0.000820417 -0.00579848 0
378 2.14124e-009 4.66057e-006 -0.837073 8.28289 0 0.00593172 0.000599462 0
379 5.4051e-009 6.34578e-006 6.45586 5.41969 0 0.00380958 -0.00453792 0
380 6.73476e-009 6.82849e-006 -4.89185 3.16197 0 0.00386917 0.00598596 0
381 6.04068e-009 6.58536e-006 2.49554 8.99899 0 0.00542441 -0.00150426 0
382 5.13593e-009 6.23865e-006 6.28918 5.83588 0 0.00399466 -0.00430494 0
383 5.37187e-009 6.33275e-006 -3.64513 -5.27314 0 -0.00558888 0.00386339 0
384 6.86001e-009 6.87056e-006 -5.46961 -5.61764 0 -0.00440164 0.00428565 0
385 6.36039e-009 6.69955e-006 8.50631 2.37166 0 0.00155467 -0.00557605 0
386 4.31385e-009 5.88626e-006 -1.73643 7.49511 0 0.00604175 0.00139973 0
387 4.74645e-009 6.07678e-006 -8.63915 -2.22844 0 -0.00143845 0.00557653 0
388 8.02103e-009 7.23815e-006 6.55018 6.88814 0 0.00404327 -0.00384489 0
389 2.71337e-009 5.04336e-006 8.50514 -0.872304 0 -0.000600231 -0.00585238 0
390 8.91507e-009 7.49766e-006 -5.91894 -4.12561 0 -0.00366206 0.0052539 0
391 9.5902e-009 7.68233e-006 4.9035 -8.12142 0 -0.00478107 -0.00288668 0
392 5.69268e-009 6.45639e-006 5.83084 0.628545 0 0.000761303 -0.00706241 0
393 3.20365e-009 5.33047e-006 5.36621 2.45177 0 0.00294312 -0.00644163 0
394 8.32041e-009 7.3271e-006 -0.94928 -9.94574 0 -0.00541763 0.00051709 0
395 8.70083e-009 7.43711e-006 -6.53874 -7.22728 0 -0.00408604 0.00369676 0
396 4.75579e-009 6.08077e-006 9.69616 -1.52014 0 -0.000850467 -0.00542466 0
397 7.58376e-009 7.10415e-006 3.09424 6.61818 0 0.00576526 -0.00269547 0
398 5.25486e-009 6.28643e-006 8.32183 3.41353 0 0.00217672 -0.00530663 0
399 9.26994e-009 7.59585e-006 1.05615 6.96552 0 0.00640768 -0.000971563 0
400 2.07944e-009 4.61529e-006 4.39744 4.55037 0 0.00491734 -0.00475208 0
401 6.71966e-009 6.82338e-006 -4.26119 -6.71108 0 -0.00515057 0.00327034 0
402 5.15104e-009 6.24476e-006 -5.54733 -0.184623 0 -0.000242874 0.00729758 0
403 6.71224e-009 6.82087e-006 0.167702 -4.97435 0 -0.00770626 -0.000259804 0
404 5.79238e-009 6.49386e-006 -1.46518 3.82385 0 0.00793798 0.00304159 0
405 6.14066e-009 6.62149e-006 -3.94258 7.08155 0 0.00527927 0.00293918 0
406 4.45228e-009 5.94856e-006 -6.02669 6.32427 0 0.00421332 0.00401507 0
407 3.57747e-009 5.53022e-006 -1.04642 9.15899 0 0.00562903 0.000643122 0
408 1.43562e-009 4.0791e-006 -5.92392 6.73485 0 0.00431281 0.00379351 0
409 3.8601e-009 5.67218e-006 -6.43053 4.53368 0 0.00353373 0.0050122 0
410 2.65184e-009 5.00495e-006 -5.54613 5.16919 0 0.00425957 0.00457018 0
411 8.52065e-009 7.38541e-006 1.97541 -7.87482 0 -0.00585577 -0.00146893 0
412 2.60186e-009 4.9733e-006 0.0334126 3.80859 0 0.00881402 -7.73249e-005 0
413 3.51018e-009 5.49533e-006 -8.63925 -4.39561 0 -0.00250553 0.00492444 0
414 8.08997e-009 7.25882e-006 -3.78774 9.15777 0 0.0050495 0.00208852 0
415 7.50822e-009 7.08049e-006 5.17824 2.85406 0 0.00341482 -0.00619565 0
416 2.54006e-009 4.93361e-006 -1.43571 -9.41405 0 -0.00551067 0.000840418 0
417 4.91784e-009 6.14906e-006 2.10536 -1.46717 0 -0.00613959 -0.00881017 0
418 7.06903e-009 6.93965e-006 8.22395 -4.99612 0 -0.00287922 -0.00473939 0
419 2.32636e-009 4.79119e-006 2.71387 -3.15363 0 -0.00639234 -0.00550097 0
420 5.13071e-009 6.23653e-006 7.66072 -4.01403 0 -0.00271481 -0.00518118 0
421 6.83749e-009 6.86303e-006 7.10138 6.58954 0 0.00375928 -0.00405129 0
422 7.34837e-009 7.02988e-006 0.914172 8.76839 0 0.00576236 -0.00060077 0
423 8.2913e-009 7.31855e-006 0.0911234 9.95179 0 0.0054526 -4.99266e-005 0
424 5.99289e-009 6.56794e-006 2.49603 -0.946397 0 -0.00373275 -0.00984475 0
425 1.56636e-009 4.19934e-006 3.77911 -5.89299 0 -0.00547281 -0.00350965 0
426 8.11524e-009 7.26637e-006 -0.0992514 1.87191 0 0.0125466 0.000665237 0
427 4.2364e-009 5.85081e-006 -6.74579 -3.05944 0 -0.00261064 0.00575622 0
428 8.82333e-009 7.47185e-006 -3.01501 2.2528 0 0.00530741 0.00710311 0
429 5.96075e-009 6.55618e-006 -6.95427 -4.39364 0 -0.00320353 0.00507055 0
430 3.10614e-009 5.27583e-006 -5.5096 -7.27795 0 -0.00453954 0.00343655 0
431 4.75469e-009 6.0803e-006 -3.17899 -9.44445 0 -0.00516457 0.00173839 0
432 4.18641e-009 5.82771e-006 -6.12878 6.82396 0 0.00422582 0.00379532 0
433 5.91708e-009 6.54013e-006 7.59027 -6.35468 0 -0.00350974 -0.00419217 0
434 8.51955e-009 7.3851e-006 9.35237 -1.7469 0 -0.00102399 -0.00548214 0
435 6.01047e-009 6.57436e-006 -0.516087 9.36009 0 0.00560987 0.000309311 0
436 5.02387e-009 6.19294e-006 -9.12452 3.90011 0 0.00214629 0.00502136 0
437 5.38093e-009 6.33631e-006 0.630893 6.72584 0 0.00658954 -0.000618108 0
438 1.95419e-009 4.52071e-006 8.08683 0.322712 0 0.000241108 -0.00604191 0
439 4.36961e-009 5.91151e-006 -3.19833 -7.8389 0 -0.00547393 0.0022334 0
440 9.20402e-009 7.5778e-006 0.221857 -8.33669 0 -0.00595462 -0.000158465 0
441 6.62352e-009 6.79069e-006 9.14968 -3.38518 0 -0.00191103 -0.00516525 0
442 6.01047e-009 6.57436e-006 0.0797205 -9.50252 0 -0.00558006 -4.68134e-005 0
443 5.9852e-009 6.56513e-006 7.28108 4.76292 0 0.00319253 -0.00488042 0
444 1.91079e-009 4.48699e-006 3.53385 -8.12819 0 -0.00529898 -0.00230381 0
445 1.76275e-009 4.36798e-006 7.55776 -6.48183 0 -0.00354905 -0.00413817 0
446 5.26337e-009 6.28983e-006 6.67835 -4.49592 0 -0.00338572 -0.00502922 0
447 7.69527e-009 7.1388e-006 5.5792 7.17782 0 0.00450451 -0.00350128 0
448 2.94217e-009 5.18131e-006 -1.23195 -3.42587 0 -0.00848369 0.00305076 0
449 8.01086e-009 7.23509e-006 0.665905 -3.48811 0 -0.00896657 -0.00171178 0
450 7.84304e-009 7.18421e-006 -5.12692 -0.19721 0 -0.000291906 0.00758877 0
451 8.72335e-009 7.44352e-006 -3.11215 6.82803 0 0.00571416 0.00260446 0
452 9.22791e-009 7.58435e-006 -2.12358 8.81194 0 0.00555467 0.00133861 0
453 7.41566e-009 7.05127e-006 5.31054 -3.30903 0 -0.00363681 -0.00583659 0
454 5.10379e-009 6.22561e-006 -3.09777 6.43654 0 0.00579956 0.00279121 0
455 2.64196e-009 4.99872e-006 4.47515 -1.14932 0 -0.00199069 -0.00775127 0
456 8.13062e-009 7.27096e-006 9.71456 0.998226 0 0.000562671 -0.00547581 0
457 5.88467e-009 6.52817e-006 7.6227 -3.91434 0 -0.00268439 -0.00522752 0
458 3.00562e-009 5.21829e-006 6.69721 -2.34436 0 -0.00213361 -0.00609515 0
459 9.21775e-009 7.58157e-006 5.58826 -7.74439 0 -0.00451396 -0.00325722 0
460 7.0748e-009 6.94153e-006 0.219954 7.65778 0 0.00621243 -0.000178439 0
461 9.1782e-009 7.57071e-006 6.46121 0.778078 0 0.000806203 -0.00669476 0
462 3.87988e-009 5.68185e-006 -6.04476 2.58098 0 0.00263481 0.00617083 0
463 1.66744e-009 4.2878e-006 -6.54498 3.9205 0 0.0032003 0.00534267 0
464 5.99701e-009 6.56945e-006 3.62196 -4.28806 0 -0.00554686 -0.00468521 0
465 8.46599e-009 7.36959e-006 -8.06616 -3.81609 0 -0.0024627 0.00520546 0
466 6.56557e-009 6.77082e-006 -0.352868 -9.09417 0 -0.00569783 0.000221085 0
467 7.29261e-009 7.01205e-006 4.72265 -8.4199 0 -0.00482873 -0.00270839 0
468 2.34751e-009 4.80566e-006 4.00682 -9.05415 0 -0.00499922 -0.00221235 0
469 6.36012e-009 6.69945e-006 -4.84072 -5.69875 0 -0.00479461 0.00407272 0
470 4.09384e-009 5.78444e-006 2.49028 4.70919 0 0.00658858 -0.00348412 0
471 4.88791e-009 6.13656e-006 -1.18297 -6.9178 0 -0.00640043 0.0010945 0
472 5.84017e-009 6.51167e-006 6.29543 -6.35883 0 -0.00408665 -0.00404591 0
473 3.63076e-009 5.55755e-006 4.6978 -6.83934 0 -0.00492251 -0.00338118 0
474 6.14313e-009 6.62238e-006 3.49386 -9.13667 0 -0.00513729 -0.0019645 0
475 8.24351e-009 7.30446e-006 9.34023 2.71064 0 0.00153737 -0.00529741 0
476 2.52358e-009 4.92292e-006 0.334593 -5.91367 0 -0.00705687 -0.000399275 0
477 7.46648e-009 7.06734e-006 -7.78023 -6.12862 0 -0.00338235 0.00429387 0
478 7.92132e-009 7.20803e-006 -1.5462 -9.13673 0 -0.00557172 0.000942894 0
479 5.51222e-009 6.38743e-006 -3.10763 -7.4166 0 -0.00559491 0.00234432 0
480 2.53319e-009 4.92916e-006 5.92863 0.356258 0 0.000423389 -0.0070458 0
481 8.45445e-009 7.36624e-006 2.88898 -9.09025 0 -0.00530826 -0.00168702 0
482 7.9823e-009 7.22648e-006 -6.39351 -4.61302 0 -0.00358467 0.00496825 0
483 2.79687e-009 5.09458e-006 -4.35164 3.73286 0 0.00467749 0.00545286 0
484 4.51463e-009 5.9762e-006 5.32216 -2.60274 0 -0.00310481 -0.00634881 0
485 5.62319e-009 6.43001e-006 -8.42256 2.35092 0 0.00156393 0.00560303 0
486 6.84545e-009 6.8657e-006 -2.35394 -2.81246 0 -0.00688814 0.00576516 0
487 5.36473e-009 6.32994e-006 2.5363 2.63662 0 0.0064815 -0.00623488 0
488 2.25935e-009 4.74473e-006 -6.38252 3.59883 0 0.00312129 0.0055356 0
489 4.28309e-009 5.87223e-006 -5.88884 7.50022 0 0.00438146 0.00344013 0
490 7.13138e-009 6.95999e-006 -0.706205 8.68232 0 0.00580919 0.00047251 0
491 5.802e-009 6.49745e-006 -9.18408 -1.82048 0 -0.0010931 0.00551456 0
492 4.6017e-009 6.01437e-006 -4.82562 0.417901 0 0.000674359 0.00778702 0
493 4.14054e-009 5.80635e-006 -3.89294 -7.8789 0 -0.00520234 0.00257046 0
494 5.44548e-009 6.36155e-006 -5.16939 5.20445 0 0.00450625 0.0044759 0
495 3.83291e-009 5.65883e-006 1.39639 2.89643 0 0.00864131 -0.00416603 0
496 4.58934e-009 6.00898e-006 -2.61792 4.63093 0 0.00649264 0.00367036 0
497 5.70971e-009 6.46282e-006 8.79332 -4.30653 0 -0.00241797 -0.00493715 0
498 4.0922e-009 5.78366e-006 -5.69381 -0.573489 0 -0.000720633 0.00715471 0
499 5.51497e-009 6.38849e-006 -6.44721 -0.866222 0 -0.000898102 0.00668449 0
500 6.27799e-009 6.67049e-006 -4.55511 2.07433 0 0.00318661 0.00699762 0
501 7.87381e-009 7.19359e-006 0.083311 -8.91193 0 -0.00576192 -5.38639e-005 0
502 4.89038e-009 6.13759e-006 -7.29166 -0.133543 0 -0.000116642 0.00636882 0
503 4.54375e-009 5.98902e-006 -2.3908 -3.08011 0 -0.00688177 0.00534168 0
504 7.04321e-009 6.93119e-006 1.65426 3.67887 0 0.00781163 -0.00351263 0
505 5.53832e-009 6.39749e-006 1.04616 -1.03067 0 -0.00996221 -0.0101119 0
506 1.19611e-009 3.83832e-006 2.96532 -1.60485 0 -0.00445896 -0.00823893 0
507 2.78314e-009 5.08622e-006 -4.48797 3.2802 0 0.00430523 0.00589041 0
508 5.0126e-009 6.18831e-006 2.16115 -3.52115 0 -0.00721288 -0.00442698 0
509 6.30052e-009 6.67846e-006 -9.34899 1.08675 0 0.00064743 0.00556964 0
510 6.45048e-009 6.73103e-006 -5.58694 -4.47079 0 -0.00401792 0.00502101 0
511 4.98376e-009 6.17642e-006 -3.81607 -1.50115 0 -0.00310968 0.00790513 0
512 5.4095e-009 6.3475e-006 -0.180842 7.40988 0 0.00631658 0.000154159 0
513 4.7926e-009 6.09641e-006 0.0550173 -1.42852 0 -0.0143766 -0.000553693 0
514 6.03354e-009 6.58276e-006 -1.60402 -6.07019 0 -0.00663736 0.00175389 0
515 3.163e-009 5.30783e-006 5.63653 3.68097 0 0.00362515 -0.00555106 0
516 5.40648e-009 6.34632e-006 5.94087 7.96602 0 0.00437437 -0.0032623 0
517 6.36232e-009 6.70022e-006 -0.702223 -7.02938 0 -0.00644004 0.000643349 0
518 4.27183e-009 5.86708e-006 -7.38618 6.14656 0 0.00354965 0.00426554 0
519 6.13874e-009 6.6208e-006 5.28902 4.81426 0 0.00432984 -0.00475682 0
520 6.62709e-009 6.79191e-006 4.48508 -5.43981 0 -0.00499861 -0.00412131 0
521 8.64507e-009 7.42119e-006 -4.31344 6.15628 0 0.00513845 0.00360028 0
522 9.06888e-009 7.54053e-006 -2.44884 -6.97317 0 -0.00597017 0.0020966 0
523 1.81384e-009 4.40978e-006 -5.48343 1.96148 0 0.00240086 0.00671175 0
524 4.95877e-009 6.16607e-006 -7.31931 2.31651 0 0.00187333 0.00591905 0
525 2.51808e-009 4.91935e-006 5.59613 -4.34332 0 -0.00396276 -0.0051058 0
526 6.34666e-009 6.69472e-006 -5.77591 5.97793 0 0.00429081 0.0041458 0
527 6.13654e-009 6.62001e-006 -1.1395 2.01841 0 0.00983926 0.00555478 0
528 5.8421e-009 6.51239e-006 5.80343 -5.61538 0 -0.00420934 -0.0043503 0
529 9.65282e-009 7.69902e-006 9.61007 -1.8122 0 -0.00101933 -0.00540551 0
530 3.06796e-009 5.25413e-006 -8.95683 1.24189 0 0.000785655 0.00566633 0
531 4.44679e-009 5.94611e-006 9.72185 2.10304 0 0.00115321 -0.00533103 0
532 9.43995e-009 7.642e-006 4.12815 1.03492 0 0.00202769 -0.00808816 0
533 7.43846e-009 7.05849e-006 3.02081 -1.43233 0 -0.00403074 -0.0085009 0
534 4.34462e-009 5.90021e-006 -7.30742 5.08092 0 0.00329171 0.00473417 0
535 1.62157e-009 4.24811e-006 -3.85563 -6.79297 0 -0.0053529 0.00303825 0
536 7.04706e-009 6.93245e-006 -4.14849 -7.54646 0 -0.00513691 0.0028239 0
537 2.57933e-009 4.95891e-006 2.37667 -0.315377 0 -0.00146141 -0.0110131 0
538 3.58159e-009 5.53235e-006 6.16902 0.50029 0 0.000558912 -0.00689189 0
539 5.56661e-009 6.40837e-006 -7.20797 5.68904 0 0.003517 0.00445601 0
540 1.73061e-009 4.34128e-006 -4.68425 -4.66922 0 -0.00472214 0.00473733 0
541 8.09464e-009 7.26022e-006 -4.757 8.61422 0 0.00480039 0.00265091 0
542 8.23252e-009 7.30121e-006 4.01077 -8.62589 0 -0.00505739 -0.00235153 0
543 3.14899e-009 5.29998e-006 -3.21499 6.8713 0 0.00565693 0.00264681 0
544 2.45793e-009 4.87986e-006 7.6196 0.12128 0 9.91724e-005 -0.00623064 0
545 1.92673e-009 4.49943e-006 0.042394 -6.5506 0 -0.0067209 -4.34961e-005 0
546 8.42946e-009 7.35897e-006 -7.69603 5.785 0 0.00333113 0.00443155 0
547 3.80462e-009 5.64488e-006 3.45843 9.25079 0 0.0051272 -0.00191682 0
548 6.93527e-009 6.8956e-006 1.02129 -7.17109 0 -0.00632774 -0.00090118 0
549 5.1373e-009 6.2392e-006 -8.49745 3.06537 0 0.00194216 0.00538381 0
550 1.75094e-009 4.3582e-006 -6.42507 -0.19287 0 -0.000203581 0.00678187 0
551 6.06513e-009 6.59423e-006 -1.92096 -4.29948 0 -0.00723754 0.00323365 0
552 4.63576e-009 6.02917e-006 -8.15615 2.05388 0 0.00144845 0.00575191 0
553 8.09629e-009 7.26071e-006 4.31121 7.07588 0 0.0051034 -0.00310941 0
554 5.30375e-009 6.30587e-006 -7.15555 2.43493 0 0.00201565 0.00592341 0
555 3.78484e-009 5.63508e-006 2.5704 -7.58584 0 -0.00575676 -0.00195063 0
556 7.96445e-009 7.22109e-006 -3.82084 -7.64052 0 -0.00526402 0.00263241 0
557 9.66134e-009 7.70128e-006 -1.64093 -6.67416 0 -0.00637185 0.00156661 0
558 7.17038e-009 6.97265e-006 -0.982481 -2.68834 0 -0.00955006 0.00349017 0
559 2.52138e-009 4.92149e-006 6.63457 -3.73173 0 -0.00305661 -0.00543428 0
560 2.02753e-009 4.57656e-006 -5.84153 -0.649534 0 -0.000784136 0.00705206 0
561 4.09165e-009 5.7834e-006 9.65668 2.48005 0 0.00135517 -0.0052767 0
562 3.15146e-009 5.30137e-006 -0.0921584 -7.47992 0 -0.00628903 7.74858e-005 0
563 8.35008e-009 7.3358e-006 -3.29035 5.58552 0 0.00582128 0.00342923 0
564 5.98135e-009 6.56373e-006 -6.55521 -6.31488 0 -0.00395579 0.00410634 0
565 6.79052e-009 6.84728e-006 9.32875 -2.81237 0 -0.00159068 -0.00527637 0
566 9.61135e-009 7.68798e-006 -4.30464 -4.46205 0 -0.00497198 0.00479659 0
567 3.61071e-009 5.5473e-006 7.62805 3.46752 0 0.00245922 -0.00540993 0
568 4.23035e-009 5.84803e-006 -6.59677 0.59168 0 0.00059712 0.00665742 0
569 2.15552e-009 4.67091e-006 -2.39891 7.21374 0 0.0059202 0.00196875 0
570 6.99899e-009 6.91665e-006 0.712559 7.92313 0 0.00607448 -0.000546302 0
571 3.97079e-009 5.72589e-006 -1.23036 6.82414 0 0.00642892 0.0011591 0
572 8.66375e-009 7.42653e-006 8.22236 -1.83321 0 -0.00128972 -0.00578471 0
573 3.53984e-009 5.51077e-006 1.70977 4.69095 0 0.00723306 -0.00263633 0
574 6.89627e-009 6.88264e-006 -4.26853 -0.145341 0 -0.000283253 0.00831888 0
575 5.1178e-009 6.2313e-006 -4.51085 -1.9291 0 -0.0030538 0.00714075 0
576 5.76519e-009 6.48368e-006 -6.59656 7.19355 0 0.00405822 0.00372143 0
577 3.87933e-009 5.68159e-006 4.33053 0.988196 0 0.00181585 -0.0079575 0
578 4.01914e-009 5.74903e-006 -8.10963 -0.80582 0 -0.000595823 0.00599626 0
579 6.69329e-009 6.81445e-006 -3.80519 -2.99741 0 -0.00483645 0.00613984 0
580 8.01965e-009 7.23773e-006 5.07942 -0.418789 0 -0.000626108 -0.00759395 0
581 4.44157e-009 5.94378e-006 7.01244 1.86559 0 0.0016418 -0.00617124 0
582 5.9245e-009 6.54286e-006 -6.47412 -1.0309 0 -0.00105651 0.00663491 0
583 4.59758e-009 6.01258e-006 -3.70153 7.04706 0 0.00539779 0.00283524 0
584 5.94949e-009 6.55205e-006 9.0933 3.88161 0 0.00214778 -0.00503151 0
585 2.81802e-009 5.10738e-006 7.56624 6.14203 0 0.00347292 -0.00427822 0
586 8.62722e-009 7.41608e-006 5.90612 4.76815 0 0.00392207 -0.00485811 0
587 7.19868e-009 6.98181e-006 3.10208 5.4277 0 0.00597321 -0.00341385 0
588 4.0922e-009 5.78366e-006 -5.6031 7.08859 0 0.00448955 0.00354872 0
589 6.43153e-009 6.72443e-006 -5.92698 -5.20174 0 -0.00404068 0.00460404 0
590 1.00082e-009 3.6169e-006 6.27757 2.58907 0 0.00251693 -0.00610265 0
591 3.09873e-009 5.27163e-006 -7.86766 -2.39083 0 -0.00174418 0.0057397 0
592 9.42924e-009 7.63911e-006 1.84776 8.58358 0 0.00567535 -0.00122172 0
593 5.17933e-009 6.25617e-006 -6.07971 -3.97787 0 -0.00349415 0.00534039 0
594 7.89962e-009 7.20144e-006 -8.0182 -5.04219 0 -0.00297544 0.00473161 0
595 3.77056e-009 5.62798e-006 6.0423 -7.51158 0 -0.00431702 -0.00347261 0
596 3.44453e-009 5.46086e-006 5.47891 -4.64089 0 -0.00414926 -0.00489851 0
597 5.61907e-009 6.42844e-006 -7.38612 -1.26342 0 -0.00105953 0.00619412 0
598 2.26566e-009 4.74915e-006 -2.27892 2.00859 0 0.00652597 0.00740428 0
599 7.82464e-009 7.17858e-006 -4.42496 6.20593 0 0.0050733 0.00361737 0
600 4.98514e-009 6.17698e-006 -4.44294 2.35684 0 0.00359454 0.00677615 0
601 5.39714e-009 6.34267e-006 4.13813 6.65606 0 0.00521829 -0.00324425 0
602 5.7759e-009 6.4877e-006 -5.503 -5.55521 0 -0.00437039 0.00432931 0
603 4.98459e-009 6.17676e-006 2.38804 -4.99245 0 -0.0065965 -0.00315531 0
604 7.89001e-009 7.19852e-006 8.0065 -2.21907 0 -0.00159398 -0.00575114 0
605 4.56902e-009 6.0001e-006 6.88211 -2.29853 0 -0.00202303 -0.00605724 0
606 2.6252e-009 4.98814e-006 -7.44898 0.418236 0 0.000353047 0.00628793 0
607 8.13419e-009 7.27203e-006 7.68698 -2.63634 0 -0.00195762 -0.00570797 0
608 1.53587e-009 4.17192e-006 -1.48261 5.88877 0 0.0067694 0.00170433 0
609 9.36552e-009 7.62187e-006 -6.09712 5.37595 0 0.0039903 0.00452559 0
610 7.55162e-009 7.0941e-006 -1.0656 -6.01598 0 -0.00685277 0.00121382 0
611 6.60237e-009 6.78345e-006 6.98678 -2.54694 0 -0.00216045 -0.00592656 0
612 8.0419e-009 7.24442e-006 -1.14416 -9.27267 0 -0.00558544 0.000689191 0
613 8.92193e-009 7.49958e-006 -7.98893 -5.93355 0 -0.0032514 0.00437769 0
614 3.23853e-009 5.34975e-006 2.72829 -0.907142 0 -0.00320085 -0.0096268 0
615 5.87725e-009 6.52543e-006 -5.77947 -3.09429 0 -0.00317115 0.00592302 0
616 5.56468e-009 6.40763e-006 6.02836 4.55046 0 0.00377101 -0.00499576 0
617 4.69811e-009 6.05608e-006 3.10949 -0.470408 0 -0.00145095 -0.00959105 0
618 7.51921e-009 7.08394e-006 -6.02425 2.08612 0 0.00222935 0.00643785 0
619 8.76098e-009 7.45421e-006 6.25097 -7.13559 0 -0.00420108 -0.00368026 0
620 9.02438e-009 7.52818e-006 4.47154 8.60298 0 0.00490189 -0.00254784 0
621 4.04852e-009 5.76301e-006 -4.55288 6.01895 0 0.00499396 0.00377755 0
622 6.38841e-009 6.70937e-006 -7.11894 -6.99076 0 -0.0038157 0.00388567 0
623 5.184e-009 6.25805e-006 -1.4273 -3.9715 0 -0.00788021 0.00283204 0
624 3.31544e-009 5.39177e-006 -4.07457 6.97782 0 0.00522584 0.00305153 0
625 6.17252e-009 6.63292e-006 -7.55713 3.94775 0 0.00272774 0.00522168 0
626 4.33692e-009 5.89673e-006 -5.47226 -6.74579 0 -0.00453278 0.00367704 0
627 7.24345e-009 6.99626e-006 -0.178754 -8.85586 0 -0.00577874 0.000116643 0
628 7.22394e-009 6.98997e-006 1.27163 9.22001 0 0.00558571 -0.000770383 0
629 8.56542e-009 7.39833e-006 -5.96107 -5.57519 0 -0.00411293 0.00439761 0
630 8.28251e-009 7.31596e-006 -6.77603 -6.67704 0 -0.0039146 0.00397264 0
631 4.95795e-009 6.16573e-006 -0.467099 -9.35221 0 -0.00561452 0.000280419 0
632 4.75524e-009 6.08053e-006 9.11743 -3.07427 0 -0.0017719 -0.00525497 0
633 5.84347e-009 6.5129e-006 -8.10404 -2.57513 0 -0.00178647 0.0056221 0
634 9.04636e-009 7.53428e-006 -5.87892 -2.8841 0 -0.00296075 0.00603518 0
635 7.97763e-009 7.22507e-006 -1.69257 -8.53237 0 -0.00572104 0.00113489 0
636 4.48442e-009 5.96283e-006 4.4073 -2.45123 0 -0.00372323 -0.00669435 0
637 6.2508e-009 6.66084e-006 1.7566 9.19176 0 0.0055233 -0.00105554 0
638 4.68026e-009 6.0484e-006 7.32157 -3.10046 0 -0.0023789 -0.00561764 0
639 4.02765e-009 5.75309e-006 2.34414 8.94395 0 0.00547239 -0.00143427 0
640 7.219e-009 6.98838e-006 -0.112402 -7.78922 0 -0.00616264 8.89296e-005 0
641 7.41841e-009 7.05214e-006 5.88496 0.212243 0 0.000255491 -0.00708412 0
642 4.0098e-009 5.74458e-006 4.68183 -5.47436 0 -0.00487095 -0.00416578 0
643 5.19553e-009 6.26269e-006 -1.6167 -5.73789 0 -0.00678144 0.00191073 0
644 6.83914e-009 6.86359e-006 3.07014 -4.26675 0 -0.00609021 -0.00438221 0
645 5.94208e-009 6.54933e-006 -4.83311 8.35762 0 0.0047926 0.00277151 0
646 2.33927e-009 4.80003e-006 5.5776 1.0385 0 0.00132195 -0.00709998 0
647 8.62035e-009 7.41411e-006 -3.83338 5.44221 0 0.00545083 0.00383945 0
648 8.27674e-009 7.31426e-006 5.89891 1.84148 0 0.00206206 -0.00660551 0
649 5.50316e-009 6.38393e-006 -8.00013 -2.95551 0 -0.00204125 0.00552537 0
650 2.63042e-009 4.99144e-006 -7.39899 -1.97983 0 -0.00160667 0.00600442 0
651 6.9067e-009 6.88612e-006 -6.00047 6.01574 0 0.00417822 0.00416762 0
652 7.3426e-009 7.02804e-006 2.93765 4.69696 0 0.00619637 -0.00387544 0
653 5.53914e-009 6.39781e-006 -1.01904 5.14223 0 0.00736986 0.00146049 0
654 5.71822e-009 6.46603e-006 1.66011 -5.35127 0 -0.00694102 -0.0021533 0
655 3.49452e-009 5.48715e-006 -2.17819 -7.5911 0 -0.0058838 0.0016883 0
656 8.32783e-009 7.32928e-006 -5.03195 -2.7202 0 -0.00342036 0.00632714 0
657 6.42219e-009 6.72117e-006 3.13752 5.6803 0 0.00591105 -0.00326498 0
658 4.50255e-009 5.97086e-006 1.70436 -2.83389 0 -0.00810639 -0.00487535 0
659 2.53154e-009 4.92809e-006 7.73666 -0.25526 0 -0.000203882 -0.00617946 0
660 7.23383e-009 6.99316e-006 8.5523 -4.78022 0 -0.00268134 -0.00479719 0
661 8.9071e-009 7.49542e-006 8.11599 -0.6206 0 -0.000459708 -0.0060119 0
662 2.78973e-009 5.09024e-006 3.81659 -8.94217 0 -0.00507401 -0.00216563 0
663 7.17368e-009 6.97372e-006 1.74289 -8.73772 0 -0.00565163 -0.00112731 0
664 9.90579e-009 7.7657e-006 2.08457 9.34345 0 0.00542632 -0.00121064 0
665 3.8873e-009 5.68547e-006 -0.17521 -5.6647 0 -0.0072224 0.00022339 0
666 8.50307e-009 7.38033e-006 1.35764 9.71969 0 0.00543828 -0.000759616 0
667 7.86007e-009 7.1894e-006 0.943532 -6.80258 0 -0.00650186 -0.000901822 0
668 6.06403e-009 6.59383e-006 3.53552 8.30567 0 0.00526807 -0.00224249 0
669 3.82055e-009 5.65274e-006 2.09356 9.02479 0 0.00550541 -0.00127714 0
670 3.46486e-009 5.47158e-006 0.877722 -5.77384 0 -0.00703732 -0.00106979 0
671 7.85897e-009 7.18907e-006 -9.22909 -3.16226 0 -0.00178519 0.00521008 0
672 3.30912e-009 5.38834e-006 0.721245 8.10684 0 0.00600603 -0.000534342 0
673 7.43544e-009 7.05753e-006 9.2667 2.53203 0 0.00146288 -0.00535384 0
674 4.9162e-009 6.14838e-006 3.93175 -6.82157 0 -0.00531143 -0.00306135 0
675 9.8135e-009 7.7415e-006 -5.12439 -3.21559 0 -0.00371737 0.00592404 0
676 5.50948e-009 6.38637e-006 -9.05932 0.980958 0 0.000613467 0.00566548 0
677 5.32682e-009 6.315e-006 -5.74109 6.72466 0 0.00439972 0.0037562 0
678 6.38896e-009 6.70956e-006 -8.50773 -4.75638 0 -0.00268874 0.00480935 0
679 3.12949e-009 5.28902e-006 1.21126 -9.83976 0 -0.00542239 -0.000667489 0
680 6.60787e-009 6.78533e-006 4.13305 -5.78831 0 -0.00524936 -0.00374822 0
681 5.97092e-009 6.55991e-006 -5.87415 5.43716 0 0.0041302 0.00446215 0
682 6.19449e-009 6.64078e-006 -2.55137 -8.33989 0 -0.00557007 0.00170401 0
683 5.13318e-009 6.23753e-006 8.67022 1.36611 0 0.000903723 -0.0057356 0
684 5.67235e-009 6.44869e-006 -8.92461 1.82068 0 0.00113933 0.00558477 0
685 9.57591e-009 7.67852e-006 -4.68532 0.943678 0 0.00155362 0.00771364 0
686 3.73046e-009 5.60796e-006 -6.72584 6.55677 0 0.00391801 0.00401904 0
687 4.77062e-009 6.08708e-006 -9.25017 -3.64698 0 -0.00200092 0.00507511 0
688 3.73101e-009 5.60823e-006 -8.88609 -4.22487 0 -0.00235476 0.00495273 0
689 6.88034e-009 6.87734e-006 4.52847 -7.78083 0 -0.00495506 -0.00288387 0
690 5.78195e-009 6.48996e-006 6.41218 5.51857 0 0.00385795 -0.00448266 0
691 7.21049e-009 6.98563e-006 3.05094 6.75717 0 0.00575793 -0.00259977 0
692 1.83499e-009 4.42685e-006 -6.82105 -0.334452 0 -0.000322371 0.00657466 0
693 6.63533e-009 6.79472e-006 8.87007 1.03194 0 0.000665222 -0.00571793 0
694 6.12583e-009 6.61615e-006 8.9592 0.0807462 0 5.17933e-005 -0.00574672 0
695 5.19196e-009 6.26125e-006 -2.11366 6.58716 0 0.00622748 0.00199824 0
696 4.25123e-009 5.85763e-006 8.85938 1.47961 0 0.000945503 -0.00566134 0
697 6.30546e-009 6.6802e-006 -1.43607 3.93181 0 0.00789764 0.00288456 0
698 2.2989e-009 4.77226e-006 -7.46304 -4.23642 0 -0.00289886 0.00510673 0
699 6.7257e-009 6.82543e-006 2.71268 -7.92068 0 -0.00562438 -0.00192624 0
700 4.43992e-009 5.94305e-006 -0.619794 -9.21451 0 -0.00564774 0.000379883 0
701 4.52452e-009 5.98056e-006 -3.73516 -5.86273 0 -0.00550257 0.0035057 0
702 9.27378e-009 7.5969e-006 -9.16886 1.89433 0 0.00113749 0.00550565 0
703 8.67254e-009 7.42904e-006 7.4962 -6.22474 0 -0.00352058 -0.00423969 0
704 2.03082e-009 4.57904e-006 -2.76209 6.1694 0 0.00603885 0.00270364 0
705 6.48564e-009 6.74323e-006 -4.24951 -4.97561 0 -0.00511364 0.0043674 0
706 9.93243e-009 7.77265e-006 -7.32869 -1.39291 0 -0.001176 0.00618742 0
707 9.34657e-009 7.61672e-006 9.31248 1.45816 0 0.000866761 -0.00553553 0
708 4.05951e-009 5.76822e-006 4.5213 -2.845 0 -0.00396385 -0.00629938 0
709 5.18976e-009 6.26037e-006 -3.18102 -3.66437 0 -0.00589707 0.00511921 0
710 4.04193e-009 5.75988e-006 4.06276 -7.71858 0 -0.00515413 -0.00271293 0
711 7.99905e-009 7.23153e-006 1.62668 -3.11794 0 -0.00813268 -0.00424296 0
712 3.62252e-009 5.55334e-006 6.46241 -1.36426 0 -0.00138256 -0.00654911 0
713 4.95657e-009 6.16516e-006 5.35046 1.09527 0 0.0014762 -0.00721133 0
714 7.67522e-009 7.1326e-006 -5.67872 -8.1814 0 -0.00447796 0.00310816 0
715 3.34703e-009 5.40883e-006 1.86115 -5.38042 0 -0.00681334 -0.00235681 0
716 5.81408e-009 6.50196e-006 0.577573 6.84889 0 0.00653828 -0.000551379 0
717 4.0282e-009 5.75335e-006 -3.04967 7.08313 0 0.00568953 0.00244965 0
718 2.69716e-009 5.0333e-006 4.27624 7.50549 0 0.0050854 -0.0028974 0
719 6.66143e-009 6.80362e-006 5.28079 -6.15079 0 -0.004584 -0.00393561 0
720 5.49931e-009 6.38244e-006 -4.13963 -6.88756 0 -0.00520114 0.00312604 0
721 2.13822e-009 4.65838e-006 -3.37172 -3.59437 0 -0.00565146 0.00530139 0
722 4.8717e-009 6.12977e-006 -5.19204 -1.78902 0 -0.00239137 0.00694015 0
723 2.3423e-009 4.8021e-006 7.2389 1.10363 0 0.000958103 -0.00628436 0
724 3.66482e-009 5.57487e-006 -4.02642 8.20444 0 0.00510821 0.00250691 0
725 7.23521e-009 6.9936e-006 3.8981 -6.97175 0 -0.00531258 -0.00297041 0
726 5.66823e-009 6.44713e-006 -2.87821 -1.33207 0 -0.00405705 0.00876604 0
727 8.27866e-009 7.31483e-006 9.58169 -2.33972 0 -0.00129933 -0.00532103 0
728 6.47465e-009 6.73943e-006 -0.351101 1.18244 0 0.0148481 0.00440882 0
729 4.3567e-009 5.90568e-006 6.32564 -3.07096 0 -0.00283313 -0.00583576 0
730 7.08661e-009 6.94539e-006 -4.29474 -6.00867 0 -0.00514956 0.00368069 0
731 7.13688e-009 6.96178e-006 -8.05808 -2.7455 0 -0.00190144 0.00558075 0
732 9.034e-009 7.53085e-006 2.37368 2.87784 0 0.00687076 -0.00566709 0
733 8.14518e-009 7.2753e-006 -6.43219 5.01498 0 0.00370358 0.00475019 0
734 8.558e-009 7.39619e-006 -7.15383 -3.75106 0 -0.00281068 0.00536039 0
735 2.7326e-009 5.05525e-006 -5.40277 2.72937 0 0.0031527 0.00624075 0
736 4.03781e-009 5.75793e-006 8.4062 4.16502 0 0.00249341 -0.00503241 0
737 3.75381e-009 5.61963e-006 -6.40613 -5.14045 0 -0.00375651 0.00468144 0
738 6.75207e-009 6.83433e-006 -0.570926 4.70867 0 0.00784113 0.000950736 0
739 3.38713e-009 5.43035e-006 0.025497 -6.73252 0 -0.00662961 -2.51073e-005 0
740 7.33381e-009 7.02523e-006 1.03709 3.4964 0 0.00863585 -0.00256153 0
741 2.41234e-009 4.8495e-006 -4.38704 -1.75789 0 -0.00294316 0.00734505 0
742 3.05066e-009 5.24423e-006 2.82631 3.70015 0 0.00633533 -0.00483915 0
743 5.56386e-009 6.40731e-006 -9.22051 0.773568 0 0.000472784 0.00563533 0
744 3.21931e-009 5.33914e-006 2.55943 7.94758 0 0.00566661 -0.00182487 0
745 4.76073e-009 6.08287e-006 -0.907231 -8.59789 0 -0.00581807 0.00061391 0
746 6.73449e-009 6.8284e-006 -1.08495 -8.54986 0 -0.00581298 0.000737645 0
747 3.61016e-009 5.54701e-006 -4.91831 3.1232 0 0.00382039 0.00601622 0
748 6.9946e-009 6.9152e-006 -7.48522 -0.656901 0 -0.000548625 0.00625144 0
749 3.40471e-009 5.43973e-006 3.96978 -0.38178 0 -0.000824605 -0.00857431 0
750 7.07453e-009 6.94144e-006 6.81728 -3.86899 0 -0.00303262 -0.00534356 0
751 3.62334e-009 5.55376e-006 -3.99756 8.30611 0 0.00510531 0.00245708 0
752 4.63686e-009 6.02965e-006 -0.732225 -9.31151 0 -0.0056113 0.000441254 0
753 5.13977e-009 6.2402e-006 -3.80496 -7.64905 0 -0.0052694 0.00262121 0
754 2.40245e-009 4.84286e-006 -8.06824 1.05725 0 0.000783514 0.00597925 0
755 6.28788e-009 6.67399e-006 -4.30322 2.73608 0 0.00408726 0.00642831 0
756 6.57271e-009 6.77328e-006 8.52099 3.31709 0 0.00206369 -0.00530123 0
757 4.41795e-009 5.93323e-006 7.94462 5.89001 0 0.00325771 -0.0043941 0
758 2.08823e-009 4.62179e-006 -7.91121 4.39703 0 0.00277776 0.00499778 0
759 9.14441e-009 7.56141e-006 -4.77207 -7.75344 0 -0.00485518 0.00298825 0
760 5.37901e-009 6.33556e-006 -3.49711 -4.96481 0 -0.00570688 0.00401981 0
761 1.35734e-009 4.00357e-006 -5.98411 3.00148 0 0.00298074 0.00594276 0
762 4.94311e-009 6.15958e-006 6.92219 -0.258955 0 -0.000244334 -0.00653137 0
763 7.86612e-009 7.19125e-006 4.49331 -8.57241 0 -0.00489737 -0.002567 0
764 9.86843e-009 7.75592e-006 -6.74297 5.34937 0 0.00364413 0.00459348 0
765 5.78002e-009 6.48924e-006 -8.21992 -0.062261 0 -4.54441e-005 0.00599969 0
766 1.53945e-009 4.17515e-006 4.69063 8.55011 0 0.00482943 -0.00264945 0
767 6.32441e-009 6.68689e-006 0.739226 -8.20202 0 -0.00597016 -0.000538074 0
768 8.20533e-009 7.29316e-006 -0.748347 9.05008 0 0.005689 0.000470421 0
769 2.53731e-009 4.93183e-006 4.06748 -7.25182 0 -0.00520311 -0.00291838 0
770 4.12461e-009 5.79889e-006 2.0309 -0.903529 0 -0.00468995 -0.0105418 0
771 4.1334e-009 5.80301e-006 6.06782 7.6599 0 0.00431348 -0.00341694 0
772 4.1073e-009 5.79077e-006 -6.97251 0.426366 0 0.00039725 0.00649638 0
773 4.91098e-009 6.1462e-006 -8.27365 1.52325 0 0.00107387 0.00583278 0
774 6.33512e-009 6.69066e-006 -8.18174 0.827247 0 0.000603441 0.00596823 0
775 7.10666e-009 6.95194e-006 8.45957 -1.81301 0 -0.00122555 -0.00571848 0
776 5.61303e-009 6.42613e-006 -1.70471 6.10402 0 0.00658129 0.001838 0
777 7.70324e-009 7.14126e-006 -3.63187 9.31244 0 0.00506911 0.00197696 0
778 8.26933e-009 7.31208e-006 -2.41083 -6.03748 0 -0.00626563 0.00250193 0
779 9.21143e-009 7.57983e-006 1.021 -4.59708 0 -0.0077385 -0.00171871 0
780 9.67452e-009 7.70478e-006 -1.83036 -3.18483 0 -0.00778176 0.00447227 0
781 3.08444e-009 5.26352e-006 2.29502 -3.82097 0 -0.00698485 -0.00419537 0
782 3.33796e-009 5.40395e-006 1.76174 -6.29656 0 -0.00647858 -0.00181266 0
783 6.55788e-009 6.76818e-006 -6.32229 -5.06719 0 -0.0037795 0.00471564 0
784 5.37571e-009 6.33426e-006 -3.62988 -8.69572 0 -0.0051714 0.00215871 0
785 6.94736e-009 6.8996e-006 5.43691 -5.01794 0 -0.00428924 -0.00464736 0
786 3.05011e-009 5.24392e-006 3.6172 6.94301 0 0.00545242 -0.00284063 0
787 9.137e-009 7.55936e-006 -8.95832 3.02349 0 0.00178901 0.00530067 0
788 4.8294e-009 6.11198e-006 -6.97617 6.07065 0 0.00371336 0.00426726 0
789 6.33265e-009 6.68979e-006 -5.36317 3.4187 0 0.00366644 0.00575182 0
790 4.70965e-009 6.06103e-006 -0.00224339 -9.35948 0 -0.00562284 1.34775e-006 0
791 6.39143e-009 6.71042e-006 4.74879 -5.07699 0 -0.00476482 -0.0044568 0
792 1.93551e-009 4.50626e-006 5.17109 5.3141 0 0.0045275 -0.00440566 0
793 8.56652e-009 7.39864e-006 7.56832 -5.87167 0 -0.00340696 -0.00439142 0
794 7.14704e-009 6.96508e-006 0.522608 -1.21093 0 -0.0137527 -0.00593535 0
795 6.38072e-009 6.70667e-006 6.41083 1.86183 0 0.00185684 -0.00639366 0
796 3.25776e-009 5.36032e-006 -7.63325 2.19861 0 0.00168929 0.00586499 0
797 2.1157e-009 4.64196e-006 -4.51308 -5.96158 0 -0.00501575 0.00379705 0
798 3.13636e-009 5.29289e-006 -3.89956 -7.00427 0 -0.00530831 0.00295535 0
799 3.24787e-009 5.35489e-006 -8.32809 -2.47155 0 -0.0016605 0.00559519 0
800 7.07947e-009 6.94306e-006 -4.70302 -1.88869 0 -0.00284758 0.00709074 0
801 2.84136e-009 5.12145e-006 -2.1872 9.40797 0 0.00539123 0.00125338 0
802 1.36366e-009 4.00977e-006 4.44863 -2.24789 0 -0.00347496 -0.00687702 0
803 7.4901e-009 7.07478e-006 -4.5168 3.96871 0 0.00463053 0.00527001 0
804 5.06452e-009 6.2096e-006 -6.8448 3.37914 0 0.00275616 0.00558289 0
805 6.03876e-009 6.58466e-006 1.85126 -7.82338 0 -0.00590389 -0.00139704 0
806 5.16587e-009 6.25074e-006 6.83749 4.58213 0 0.00333795 -0.00498092 0
807 4.03397e-009 5.7561e-006 -5.87606 -7.68213 0 -0.00439343 0.00336053 0
808 3.60192e-009 5.54279e-006 -0.899495 -4.61316 0 -0.00778804 0.00151855 0
809 3.29594e-009 5.38117e-006 8.23306 -0.420303 0 -0.00030546 -0.00598347 0
810 2.5005e-009 4.90787e-006 -5.84069 4.58087 0 0.00389653 0.00496813 0
811 5.02799e-009 6.19463e-006 4.32932 0.754653 0 0.00140912 -0.00808392 0
812 2.9125e-009 5.16384e-006 -6.42084 7.44538 0 0.00415461 0.00358291 0
813 6.17527e-009 6.63391e-006 2.37467 4.16608 0 0.00682464 -0.00389006 0
814 5.35649e-009 6.3267e-006 3.18913 0.848437 0 0.00243455 -0.00915105 0
815 7.81997e-009 7.17716e-006 1.05244 -9.14171 0 -0.00563351 -0.000648559 0
816 5.55809e-009 6.4051e-006 -7.28496 -2.4354 0 -0.0019679 0.00588653 0
817 1.93249e-009 4.50391e-006 2.33671 4.68956 0 0.00672638 -0.00335161 0
818 1.59465e-009 4.22447e-006 7.89696 5.00938 0 0.00301317 -0.00475007 0
819 2.11185e-009 4.63915e-006 -1.71087 -7.28306 0 -0.0061225 0.00143824 0
820 3.79336e-009 5.6393e-006 -1.53773 8.71061 0 0.00569588 0.00100553 0
821 7.25388e-009 6.99962e-006 -3.1658 -8.77716 0 -0.00529747 0.00191072 0
822 8.8681e-009 7.48447e-006 8.72061 4.01472 0 0.00232169 -0.00504309 0
823 7.97955e-009 7.22565e-006 3.86412 5.86097 0 0.00542041 -0.00357366 0
824 5.21284e-009 6.26963e-006 1.57179 -9.53791 0 -0.00545918 -0.000899639 0
825 6.73202e-009 6.82756e-006 5.07178 8.05411 0 0.00471827 -0.00297116 0
826 3.36763e-009 5.41991e-006 -6.73737 -3.43282 0 -0.00284001 0.0055739 0
827 5.62621e-009 6.43116e-006 -0.123371 5.13582 0 0.00758732 0.000182261 0
828 3.36213e-009 5.41696e-006 -3.79188 -8.50886 0 -0.00514804 0.00229416 0
829 4.77831e-009 6.09035e-006 4.0828 1.75578 0 0.00322361 -0.00749603 0
830 4.64318e-009 6.03239e-006 -4.69746 -5.16617 0 -0.00481651 0.00437953 0
831 7.6483e-009 7.12425e-006 2.48604 3.87336 0 0.00674799 -0.00433106 0
832 5.29743e-009 6.30337e-006 1.02874 -6.79355 0 -0.00648856 -0.000982553 0
833 5.80447e-009 6.49838e-006 7.60101 -6.04791 0 -0.00343654 -0.00431904 0
834 4.22349e-009 5.84486e-006 7.58916 2.89751 0 0.00215275 -0.00563848 0
835 1.89129e-009 4.47168e-006 -4.22163 5.06168 0 0.00514562 0.00429165 0
836 9.18204e-009 7.57176e-006 2.249 4.10136 0 0.00697408 -0.00382427 0
837 8.19572e-009 7.29031e-006 -5.47378 -5.51301 0 -0.00437958 0.00434841 0
838 4.28474e-009 5.87298e-006 -5.03536 0.345725 0 0.000524487 0.00763896 0
839 7.71368e-009 7.14449e-006 6.23965 7.78744 0 0.00424967 -0.00340503 0
840 5.21668e-009 6.27117e-006 1.06249 -8.64484 0 -0.00578522 -0.000711026 0
841 7.12754e-009 6.95874e-006 5.31858 5.72565 0 0.00450851 -0.00418798 0
842 3.53188e-009 5.50663e-006 -0.639131 2.49209 0 0.0103885 0.00266427 0
843 4.03204e-009 5.75518e-006 6.82425 7.16534 0 0.00395995 -0.00377145 0
844 2.0723e-009 4.61001e-006 -8.01677 -4.60989 0 -0.00281982 0.00490378 0
845 5.90417e-009 6.53537e-006 4.92383 5.11269 0 0.00465065 -0.00447885 0
846 7.37886e-009 7.03958e-006 -6.56958 3.77435 0 0.00311323 0.00541884 0
847 3.76452e-009 5.62497e-006 0.352088 -4.00975 0 -0.00854124 -0.00074999 0
848 9.99203e-009 7.78817e-006 -7.48272 5.18579 0 0.00324747 0.00468586 0
849 3.62334e-009 5.55376e-006 3.74399 3.3069 0 0.00509518 -0.00576865 0
850 4.9725e-009 6.17176e-006 7.79421 4.06875 0 0.00268466 -0.00514281 0
851 8.18693e-009 7.28771e-006 -7.69204 1.15838 0 0.000918474 0.00609897 0
852 2.62877e-009 4.9904e-006 4.45082 -3.60313 0 -0.00452306 -0.00558717 0
853 2.73397e-009 5.0561e-006 -6.28355 2.91104 0 0.00274783 0.00593125 0
854 5.12632e-009 6.23475e-006 4.3645 -8.9475 0 -0.00490011 -0.00239023 0
855 7.61425e-009 7.11366e-006 -5.80132 -1.4822 0 -0.00174021 0.00681116 0
856 4.55885e-009 5.99565e-006 3.31974 -1.00845 0 -0.00268431 -0.00883648 0
857 6.72158e-009 6.82403e-006 6.86857 -2.294 0 -0.00202503 -0.00606321 0
858 8.30833e-009 7.32355e-006 7.99944 1.32968 0 0.00099052 -0.00595901 0
859 3.5154e-009 5.49805e-006 8.00182 5.82375 0 0.00321771 -0.00442113 0
860 6.52849e-009 6.75805e-006 6.58459 0.116173 0 0.000118247 -0.00670217 0
861 7.70132e-009 7.14067e-006 -8.95994 -2.79988 0 -0.00167462 0.00535897 0
862 7.04569e-009 6.932e-006 2.75629 8.18086 0 0.0055483 -0.00186933 0
863 4.92718e-009 6.15295e-006 7.95203 1.15002 0 0.000868612 -0.00600621 0
864 2.05087e-009 4.59406e-006 7.44469 0.828516 0 0.00069519 -0.00624667 0
865 2.37086e-009 4.82154e-006 -4.52367 7.66234 0 0.00496594 0.00293178 0
866 6.81414e-009 6.85521e-006 3.9965 0.0298879 0 6.43486e-005 -0.00860445 0
867 2.20057e-009 4.70322e-006 -0.498187 -5.39451 0 -0.00735935 0.000679642 0
868 5.80255e-009 6.49766e-006 -2.21098 -9.50198 0 -0.00536414 0.00124816 0
869 5.65258e-009 6.44119e-006 7.11001 4.30634 0 0.00309098 -0.00510338 0
870 6.87704e-009 6.87624e-006 -8.02343 1.11404 0 0.000831234 0.00598662 0
871 5.30732e-009 6.30728e-006 4.65344 -0.108882 0 -0.000186508 -0.00797106 0
872 1.78884e-009 4.38943e-006 3.482 -4.33891 0 -0.00568803 -0.00456467 0
873 5.74184e-009 6.47492e-006 -7.3526 2.26052 0 0.00182267 0.00592847 0
874 2.05747e-009 4.59898e-006 -9.32586 -0.625936 0 -0.000376803 0.00561401 0
875 8.12595e-009 7.26957e-006 -4.46454 -6.36935 0 -0.00505075 0.00354028 0
876 7.47114e-009 7.06881e-006 -1.27097 8.29113 0 0.00587096 0.000899974 0
877 9.68963e-009 7.70879e-006 -7.59015 -3.25977 0 -0.00236187 0.00549945 0
878 9.02686e-009 7.52886e-006 2.02472 -7.9105 0 -0.00583191 -0.0014927 0
879 3.5923e-009 5.53786e-006 -4.32411 -2.42836 0 -0.00378234 0.00673512 0
880 5.51415e-009 6.38817e-006 -7.28337 -3.38612 0 -0.00255886 0.00550398 0
881 8.21439e-009 7.29585e-006 7.8789 -3.24774 0 -0.00224568 -0.00544795 0
882 6.12583e-009 6.61615e-006 -2.12645 -6.40674 0 -0.0062838 0.00208565 0
883 7.69884e-009 7.13991e-006 7.2272 -5.44235 0 -0.00344031 -0.00456858 0
884 4.92444e-009 6.15181e-006 -0.613776 -6.99767 0 -0.00646559 0.000567106 0
885 7.77602e-009 7.16369e-006 0.551549 9.7482 0 0.0054964 -0.000310984 0
886 4.12214e-009 5.79773e-006 4.94931 -0.745826 0 -0.00114575 -0.00760318 0
887 6.05441e-009 6.59034e-006 5.50025 5.92578 0 0.00443409 -0.00411569 0
888 3.14432e-009 5.29736e-006 2.90298 8.03161 0 0.00553587 -0.00200091 0
889 6.13242e-009 6.61853e-006 2.57438 9.02075 0 0.00540079 -0.0015413 0
890 3.23991e-009 5.35051e-006 9.11427 3.49782 0 0.00197262 -0.00514005 0
891 5.10297e-009 6.22527e-006 7.17002 -5.58251 0 -0.00350574 -0.00450268 0
892 7.44807e-009 7.06153e-006 -3.24602 3.26678 0 0.00568616 0.00565002 0
893 7.54668e-009 7.09255e-006 2.29951 -9.48207 0 -0.005352 -0.00129792 0
894 4.34022e-009 5.89822e-006 -6.5539 2.37989 0 0.00222354 0.00612332 0
895 9.35673e-009 7.61948e-006 -3.18083 -2.99557 0 -0.00564206 0.00599099 0
896 4.66625e-009 6.04236e-006 -8.19165 3.15366 0 0.00208604 0.0054185 0
897 5.00299e-009 6.18435e-006 2.66073 2.36833 0 0.00605991 -0.00680809 0
898 6.88034e-009 6.87734e-006 -0.685348 5.76331 0 0.00709041 0.000843161 0
899 2.61147e-009 4.97942e-006 9.29247 -2.85984 0 -0.00162275 -0.00527278 0
900 9.90826e-009 7.76634e-006 0.964833 -7.1268 0 -0.00635651 -0.000860551 0
901 7.92462e-009 7.20903e-006 2.93004 -6.74643 0 -0.00581783 -0.00252674 0
902 3.6607e-009 5.57278e-006 -7.88846 4.06899 0 0.0026469 0.00513149 0
903 9.0524e-009 7.53596e-006 3.45557 -5.09967 0 -0.00573767 -0.00388788 0
904 4.84451e-009 6.11834e-006 -6.54904 4.45373 0 0.00343733 0.00505447 0
905 3.81176e-009 5.64841e-006 -5.48195 -0.0982962 0 -0.000131707 0.00734529 0
906 5.78936e-009 6.49273e-006 7.60956 5.88033 0 0.00339183 -0.00438927 0
907 8.70824e-009 7.43922e-006 -5.47238 -2.36642 0 -0.00279623 0.00646631 0
908 5.71273e-009 6.46396e-006 -5.52544 5.83401 0 0.004406 0.00417296 0
909 5.53282e-009 6.39538e-006 6.83586 0.971205 0 0.00092086 -0.0064815 0
910 8.8692e-009 7.48478e-006 -8.51128 4.88773 0 0.0027344 0.00476156 0
911 2.36454e-009 4.81726e-006 4.62269 -3.37935 0 -0.00424244 -0.00580334 0
912 9.39024e-009 7.62857e-006 0.637134 7.93672 0 0.00607671 -0.000487819 0
913 8.63985e-009 7.4197e-006 -6.64778 2.33922 0 0.00215088 0.00611253 0
914 7.97269e-009 7.22358e-006 3.98184 4.76023 0 0.00529649 -0.00443041 0
915 8.40529e-009 7.35193e-006 0.0693597 -9.84237 0 -0.00548296 -3.86388e-005 0
916 3.95459e-009 5.71809e-006 5.29677 2.81042 0 0.00329261 -0.00620554 0
917 7.4261e-009 7.05458e-006 6.58167 -1.63393 0 -0.00159159 -0.00641111 0
918 2.23325e-009 4.72639e-006 -6.0648 1.31255 0 0.00146071 0.00674938 0
919 4.04056e-009 5.75923e-006 3.56259 7.1395 0 0.00544912 -0.00271909 0
920 5.14719e-009 6.2432e-006 -0.243492 8.44902 0 0.00591436 0.000170446 0
921 9.12217e-009 7.55527e-006 2.80782 8.77652 0 0.00539734 -0.00172674 0
922 7.4835e-009 7.07271e-006 9.15197 1.36299 0 0.000833022 -0.00559344 0
923 8.42286e-009 7.35705e-006 -4.01209 5.52986 0 0.00532689 0.00386483 0
924 8.6805e-009 7.43131e-006 6.89922 -4.29894 0 -0.00319073 -0.00512069 0
925 8.19407e-009 7.28983e-006 -6.95392 -7.10659 0 -0.0038992 0.00381543 0
926 1.86273e-009 4.44905e-006 7.44185 -5.0286 0 -0.00321368 -0.00475594 0
927 1.40541e-009 4.05028e-006 0.0183776 6.97013 0 0.00651567 -1.71793e-005 0
928 7.03772e-009 6.92938e-006 -3.25123 7.77604 0 0.0054667 0.00228567 0
929 5.66713e-009 6.44672e-006 4.5332 -6.96265 0 -0.00500133 -0.00325623 0
930 8.67638e-009 7.43014e-006 -3.91142 -7.54477 0 -0.00523868 0.00271588 0
931 5.75475e-009 6.47977e-006 -0.351277 3.20533 0 0.00952261 0.0010436 0
932 4.22431e-009 5.84524e-006 0.100857 -4.21541 0 -0.00837481 -0.000200374 0
933 9.29933e-009 7.60387e-006 6.7176 4.58438 0 0.00340017 -0.00498235 0
934 6.17994e-009 6.63558e-006 7.31169 -1.48506 0 -0.00125352 -0.00617171 0
935 5.23096e-009 6.27689e-006 -0.593201 -3.02071 0 -0.0096206 0.00188928 0
936 7.23685e-009 6.99413e-006 8.34555 -3.64216 0 -0.00228019 -0.00522477 0
937 4.30067e-009 5.88025e-006 4.85243 7.69269 0 0.00482434 -0.00304312 0
938 3.7365e-009 5.61099e-006 0.570026 -6.60805 0 -0.00665472 -0.000574052 0
939 5.93741e-009 6.54761e-006 -3.87743 7.23637 0 0.00529187 0.00283552 0
940 3.32066e-009 5.39459e-006 -7.48307 5.07844 0 0.00321217 0.00473313 0
941 3.46239e-009 5.47027e-006 -2.02276 -6.05161 0 -0.00645874 0.00215885 0
942 8.71841e-009 7.44211e-006 -4.34624 2.85322 0 0.00414023 0.00630671 0
943 3.85461e-009 5.66949e-006 0.123503 -4.74347 0 -0.00789428 -0.000205539 0
944 4.40834e-009 5.92892e-006 -0.813218 -3.67985 0 -0.00865237 0.0019121 0
945 5.77453e-009 6.48718e-006 -4.72858 -6.64253 0 -0.00490776 0.00349366 0
946 9.96841e-009 7.78203e-006 -7.59197 -3.02185 0 -0.00222546 0.00559116 0
947 6.23405e-009 6.65489e-006 3.49588 8.94094 0 0.00517073 -0.00202174 0
948 5.37159e-009 6.33264e-006 7.21648 6.37152 0 0.0036695 -0.00415613 0
949 4.0933e-009 5.78418e-006 -0.452564 -5.39742 0 -0.00736557 0.000617589 0
950 4.9519e-009 6.16323e-006 -4.80408 7.72557 0 0.0048432 0.0030117 0
951 4.09522e-009 5.78508e-006 -6.00491 6.88263 0 0.0042889 0.00374195 0
952 6.41038e-009 6.71705e-006 8.97175 -0.504598 0 -0.000322242 -0.00572947 0
953 5.27326e-009 6.29376e-006 6.05332 6.26866 0 0.00419187 -0.00404788 0
954 1.90173e-009 4.47989e-006 -9.03812 -1.03481 0 -0.000648757 0.00566631 0
955 4.15976e-009 5.81532e-006 -2.1875 7.07763 0 0.00603838 0.00186629 0
956 5.83825e-009 6.51096e-006 5.89472 -6.39488 0 -0.00428885 -0.0039534 0
957 3.12976e-009 5.28917e-006 -0.475532 5.69759 0 0.00716927 0.000598361 0
958 1.70919e-009 4.32329e-006 5.33646 0.939701 0 0.00128158 -0.00727794 0
959 4.90219e-009 6.14253e-006 -7.92028 4.09117 0 0.00264413 0.00511889 0
960 3.32588e-009 5.39742e-006 6.16954 -6.73955 0 -0.00419766 -0.00384263 0
961 5.29249e-009 6.3014e-006 -3.49114 8.87111 0 0.00518432 0.00204024 0
962 7.58101e-009 7.10329e-006 1.99442 8.87529 0 0.00556473 -0.00125048 0
963 5.04172e-009 6.20026e-006 3.35802 8.95081 0 0.00520904 -0.00195425 0
964 6.18653e-009 6.63794e-006 2.43009 8.97648 0 0.00544492 -0.00147403 0
965 3.59615e-009 5.53983e-006 0.40145 9.02782 0 0.00571671 -0.000254212 0
966 3.5783e-009 5.53065e-006 3.50925 -1.39641 0 -0.00327261 -0.00822426 0
967 7.9856e-009 7.22747e-006 9.32275 0.155542 0 9.3977e-005 -0.00563273 0
968 8.24598e-009 7.30519e-006 -4.72274 4.08274 0 0.00450256 0.00520838 0
969 8.54234e-009 7.39168e-006 -7.67298 3.73143 0 0.00257553 0.00529609 0
970 9.20566e-009 7.57825e-006 6.07893 -6.49406 0 -0.00421073 -0.00394156 0
971 5.86929e-009 6.52248e-006 -5.17299 4.2914 0 0.00423643 0.00510673 0
972 4.49815e-009 5.96892e-006 6.26432 -4.68909 0 -0.00368511 -0.00492307 0
973 1.81658e-009 4.412e-006 -3.32623 7.18065 0 0.00554858 0.00257022 0
974 1.55647e-009 4.19049e-006 0.859293 3.27092 0 0.00904708 -0.00237673 0
975 7.09897e-009 6.94943e-006 5.45474 5.961 0 0.00446455 -0.00408537 0
976 8.94143e-009 7.50504e-006 0.0917467 6.40039 0 0.00679847 -9.74531e-005 0
977 7.66286e-009 7.12877e-006 -4.22986 -4.91431 0 -0.00512012 0.004407 0
978 3.37999e-009 5.42653e-006 5.10967 0.426216 0 0.000631486 -0.00757054 0
979 7.28629e-009 7.01002e-006 -3.98763 2.61671 0 0.00432139 0.00658543 0
980 2.90399e-009 5.1588e-006 -8.19533 -1.54623 0 -0.00110437 0.00585336 0
981 9.45973e-009 7.64734e-006 -3.19201 7.67574 0 0.0055089 0.00229092 0
982 2.23572e-009 4.72814e-006 3.78426 1.17339 0 0.00255947 -0.00825449 0
983 7.02976e-009 6.92677e-006 -3.55139 -7.11194 0 -0.00545849 0.00272573 0
984 7.19208e-009 6.97968e-006 -3.13009 0.734817 0 0.00219256 0.00933962 0
985 8.18995e-009 7.2886e-006 -6.46684 -2.4371 0 -0.00230759 0.00612321 0
986 3.27122e-009 5.36769e-006 2.25343 -6.97903 0 -0.0060448 -0.00195178 0
987 8.51186e-009 7.38287e-006 -4.02215 -2.94329 0 -0.00455032 0.00621824 0
988 4.89615e-009 6.14001e-006 9.11999 0.697372 0 0.000433667 -0.00567134 0
989 5.20899e-009 6.26809e-006 0.808362 7.7535 0 0.00612789 -0.00063888 0
990 2.91388e-009 5.16465e-006 8.95213 -2.39266 0 -0.00145915 -0.00545939 0
991 2.44996e-009 4.87458e-006 -1.6741 8.96025 0 0.00560074 0.00104642 0
992 8.36436e-009 7.33998e-006 6.73146 -6.83847 0 -0.00395755 -0.00389562 0
993 8.32151e-009 7.32743e-006 -6.88797 0.12615 0 0.000120011 0.00655279 0
994 2.02615e-009 4.57553e-006 5.76595 -5.82401 0 -0.00427017 -0.0042276 0
995 3.31791e-009 5.39311e-006 -2.10237 -8.58645 0 -0.00561967 0.00137596 0
996 1.39552e-009 4.04076e-006 6.43432 -1.8086 0 -0.00180053 -0.00640562 0
997 2.49556e-009 4.90463e-006 9.47754 0.827168 0 0.000484909 -0.005556 0
998 3.53847e-009 5.51005e-006 0.815213 -7.66247 0 -0.00616213 -0.000655592 0
999 7.65215e-009 7.12544e-006 -6.67703 -4.57267 0 -0.00341672 0.00498911 0
1000 8.36244e-009 7.33942e-006 2.1075 -8.73417 0 -0.00557876 -0.00134612 0
1001 4.61187e-009 6.01879e-006 -5.50263 2.44113 0 0.00284314 0.00640882 0
1002 4.30122e-009 5.8805e-006 -4.46795 3.99772 0 0.00468458 0.0052356 0
1003 2.83532e-009 5.11782e-006 -3.77771 -1.44356 0 -0.00305336 0.00799048 0
1004 1.83526e-009 4.42707e-006 -7.28966 -4.631 0 -0.00313882 0.00494082 0
1005 9.08069e-009 7.5438e-006 8.47948 2.79412 0 0.00180176 -0.00546791 0
1006 4.93872e-009 6.15775e-006 -5.55199 -2.04867 0 -0.00244794 0.00663404 0
1007 3.24787e-009 5.35489e-006 -2.28983 -6.40622 0 -0.00621037 0.00221983 0
1008 2.50023e-009 4.90769e-006 -2.71176 3.11295 0 0.0063837 0.005561 0
1009 7.49065e-009 7.07496e-006 4.13813 8.39743 0 0.0050431 -0.00248517 0
1010 9.03839e-009 7.53207e-006 -4.31154 8.80248 0 0.00493441 0.00241692 0
1011 4.51628e-009 5.97692e-006 5.32897 -6.47092 0 -0.00458634 -0.00377697 0
1012 6.66088e-009 6.80343e-006 -5.2973 -7.61629 0 -0.00463648 0.00322478 0
1013 5.97366e-009 6.56091e-006 -6.98541 5.13232 0 0.00345944 0.00470852 0
1014 1.63118e-009 4.25649e-006 -5.1907 -4.35165 0 -0.00424636 0.0050651 0
1015 8.04108e-009 7.24417e-006 -5.94553 -7.29483 0 -0.00434664 0.00354266 0
1016 1.58614e-009 4.21694e-006 -6.76699 4.19586 0 0.00321254 0.00518112 0
1017 5.11753e-009 6.23119e-006 -6.89487 -3.63214 0 -0.00287199 0.00545188 0
1018 7.86282e-009 7.19024e-006 1.69425 9.19005 0 0.00553396 -0.00102022 0
1019 9.75802e-009 7.72689e-006 -4.87358 -5.94926 0 -0.00479848 0.00393087 0
1020 6.66939e-009 6.80633e-006 -7.39565 -6.27786 0 -0.00357418 0.00421057 0
1021 9.99643e-009 7.78931e-006 0.68498 5.37731 0 0.00732919 -0.000933618 0
1022 4.31715e-009 5.88775e-006 5.36136 -8.02436 0 -0.00460425 -0.00307626 0
1023 5.50673e-009 6.38531e-006 -7.45691 -3.08802 0 -0.0023167 0.00559433 0
